10	10	3	10	63091258.8120129	1955.8046
2	23.101	3	16.877	1	22.604	22415	3491.444	3	16.858	4	23.175	9	23.489	94601	14037.721	6	23.323	8	21.813	3	18.922	32967	4758.207	6	19.842	1	19.216	0	15.661	17457	3387.525	8	18.185	1	19.161	3	24.981	3226	205.359	7	16.933	2	16.639	8	16.805	30018	4553.138	7	22.329	4	20.727	3	17.909	6123	182.244	8	24.558	7	23.692	6	19.751	457	68.303	9	22.531	3	18.241	7	16.657	64980	12056.598	8	22.955	4	22.661	1	21.648	62958	6834.025	271178	2.561
3	19.382	9	16.251	8	24.556	70237	4725.449	0	23.304	2	24.095	9	24.832	21175	2009.23	1	19.694	8	20.007	6	18.792	98825	11340.402	2	15.127	5	23.378	7	18.166	94250	12305.878	5	24.98	6	24.575	4	21.37	62328	4439.723	7	24.372	8	15.514	3	24.925	70149	8533.988	9	21.536	6	24.225	7	19.105	95652	4480.947	2	19.897	1	24.519	5	18.939	13407	2390.592	1	24.372	3	16.121	0	22.07	67723	10651.637	1	17.724	3	16.987	7	16.011	42914	5309.553	701599	5.113
4	15.256	5	20.965	0	17.282	20291	813.038	3	18.645	7	20.947	2	18.295	95755	5983.408	1	20.911	6	23.766	7	19.99	21169	1727.186	4	22.476	9	23.286	2	19.254	17682	2360.078	7	17.614	3	22.661	4	20.469	19483	1350.938	0	21.279	5	24.41	7	15.055	11437	1630.793	0	24.153	8	24.503	2	17.947	15055	2201.268	4	20.526	1	23.049	2	17.911	69361	1375.121	2	23.602	4	20.36	3	23.031	77361	12470.864	8	22.81	2	15.738	7	18.298	43974	3717.645	735364	9.654
7	17.377	0	23.676	8	22.037	15146	136.08	2	21.724	0	24.725	1	23.326	5279	346.629	2	22.479	8	19.016	4	17.009	80920	4565.112	7	21.116	1	16.714	5	19.661	24380	1185.999	6	18.501	9	23.234	4	23.436	68662	429.801	5	16.015	0	22.424	2	17.157	98360	16770.988	7	17.654	2	17.065	6	19.349	39091	5267.804	6	16.844	5	23.934	7	18.704	93953	17434.079	7	17.746	5	23.584	3	15.26	56382	8259.37	7	15.167	2	21.06	0	20.71	46892	2964.238	668738	3.272
6	19.789	5	24.302	4	18.039	94289	8875.194	9	20.01	2	21.686	0	15.479	9508	348.367	2	20.931	8	15.075	4	17.119	47610	7477.362	4	21.244	6	22.073	3	18.518	76778	11236.762	9	22.091	0	15.535	5	20.213	20805	3588.512	2	17.984	5	20.25	4	17.266	26453	5283.344	9	18.832	1	15.204	8	17.376	46321	7101.068	5	16.253	8	18.482	3	22.331	49782	5192.433	0	15.756	2	19.384	3	20.047	27717	3860.668	6	18.261	1	21.981	8	15.277	30812	2793.595	554366	9.752
5	19.531	3	16.456	6	23.914	64714	7964.04	2	19.623	9	20.563	4	24.264	6000	327.244	2	20.231	8	16.051	4	20.839	93507	12847.872	3	18.261	8	24.688	1	17.358	34066	5570.736	8	22.809	6	20.544	2	15.314	30601	1644.591	9	18.684	1	19.715	5	18.868	95140	15377.724	2	24.798	0	15.958	1	24.191	33515	1687.858	1	17.027	9	23.38	4	16.862	30961	1261.78	6	15.149	3	17.008	1	15.001	47553	7226.101	9	16.272	7	24.155	4	20.84	16920	28.082	831212	3.552
9	22.847	7	20.527	8	20.177	9079	924.433	8	24.633	6	17.119	4	16.88	35517	2686.636	3	20.379	8	19.882	7	19.422	92217	112.364	8	24.67	3	18.63	0	15.72	33690	1057.759	4	18.704	7	22.81	0	21.245	7434	1021.817	1	21.282	9	16.383	8	18.262	6524	488.111	0	15.518	4	18.649	5	23.492	42438	4409.026	8	22.46	6	17.93	4	24.339	96220	6876.536	5	16.531	9	16.77	8	16.106	12896	883.483	2	24.007	8	20.728	7	22.313	81990	7367.284	551348	5.64
1	15.72	0	18.869	6	24.32	34951	3217.146	0	24.136	9	20.987	4	17.635	65210	5377.03	9	22.442	1	23.307	7	18.297	22181	2302.419	2	18.297	3	21.134	4	18.537	59008	1147.112	1	24.485	5	21.631	3	18.997	79609	7939.103	8	19.549	9	17.984	7	22.219	5404	893.13	4	17.191	6	23.877	0	21.611	84345	14062.284	6	17.707	8	19.898	7	22.365	39124	5786.877	8	24.501	9	15.586	1	19.877	43127	1533.398	9	19.803	8	16.433	7	24.793	35097	5681.231	648257	6.003
8	20.723	5	21.405	4	20.355	75017	7969.078	3	22.474	5	21.995	1	22.106	17400	3354.046	2	24.556	9	21.849	0	15.405	91055	17550.405	3	22.662	4	22.737	1	21.541	45291	6043.089	9	18.871	7	16.479	2	23.459	13198	1712.14	1	22.557	5	18.985	0	18.599	61693	1207.303	5	18.324	7	24.421	6	21.641	87215	7455.147	1	15.27	3	22.895	6	18.55	45646	8339.737	9	15.07	5	18.367	1	16.599	46920	5391.794	7	15.071	8	22.273	5	20.542	21392	937.15	857701	3.699
4	19.658	3	17.909	5	22.973	22845	1900.598	1	16.141	8	18.001	5	21.334	58208	231.82	5	16.62	1	23.416	4	18.48	59847	9473.11	4	20.598	7	19.99	6	24.466	2228	199.992	2	24.245	8	18.481	7	16.695	18446	1655.338	2	22.772	4	23.877	3	23.362	73496	7757.396	8	20.6	6	21.429	7	21.853	92083	17754.76	1	16.974	7	20.473	2	17.71	70927	8892.665	1	23.345	6	20.785	8	17.212	95714	18131.662	6	16.438	2	20.194	1	18.591	31531	5623.437	1037516	8.455
497045	64660.734	104761	12405.328
626623	12487.05	56369	1858.4
446864	81311.163	95932	8745.39
247226	4822.662	102142	8408.648
309394	53092.9	132030	7416.49
606591	5327.402	77246	11679.979
616925	106297.471	77070	7849.114
488138	69358.334	95211	15868.678
252192	27378.124	110592	22098.035
330749	14830.906	127530	20268.385
