Instance20PP10Act3Res10TResMinUnc0.0MaxUnc0.2Seed1.dat
84062	65014	6091	73439	91109	55784	35427	39902	24147	64750	
9588	42466	19205	36466	29834	74769	87588	39967	37999	80690	
27351	55301	75604	36324	113257	96384	20246	103048	92174	57248	
43553	92740	70338	38122	7472	6091	36721	12142	30189	2553	
97008	54880	69641	29762	90723	55491	67455	44390	73990	55012	
42890	3557	17766	46645	95166	57055	94888	59675	39919	47465	
35662	76019	83792	12569	44476	69714	71688	43205	20187	14839	
97473	11026	59149	70824	59087	34455	21057	18676	93874	48983	
22073	59676	23454	56189	21961	4648	24394	10699	38046	56651	
39021	24784	85502	21950	23324	44367	7947	45369	91142	32234	
69587	11679	50631	101759	51960	75897	10618	93752	81216	49747	
63167	50764	2214	105811	94532	57256	25470	31596	78196	81072	
27905	49499	92057	82856	71084	18656	69182	14428	10414	60817	
52689	66346	75696	16678	9036	67820	16073	3444	66928	17014	
95783	102591	15024	57776	52434	73920	76855	5944	59832	12054	
40010	31842	60999	58727	11626	12716	29729	8254	90301	40530	
47549	60530	37438	40732	33042	46351	29072	34222	18728	89913	
45005	66723	29596	42137	90118	62190	43038	93871	6328	54852	
23251	11079	56686	88031	34910	72741	1620	70018	27375	11376	
11481	99578	45831	68250	44412	20318	104564	44017	94088	40846	
0	60694	760129	92425	1520449	86453	2327862	90454	3241227	92873	4029737	87047	4819472	87771	5679234	87138	6578247	92365	7398863	99207	8171009	90422	9158655	93471	9995516	90954	10886533	85732	11700514	90659	12573782	97382	13352932	87228	14094779	95856	15059816	94379	15911971	94601	16653993	93247	17356482	88113	18106775	87529	18976670	91297	19926346	84928	20699131	84748	21457270	93066	22397153	88739	23100108	95058	23998937	94925	24661284	96588	25442840	86230	26301229	95048	27145400	93395	28055453	90532	28713916	88223	29512703	93181	30306617	91477	31207849	91385	32014396	90293	32816713	93920	33517779	94182	34227305	96407	35085066	87569	35989260	90241	36687588	92679	37513482	91601	38218658	90561	38902193	85686	39617687	92491	40326592	84889	41055071	89294	41765207	93795	42415029	86258	43340947	92986	44046371	90330	
389390	36209	904586	68010	1445264	56043	1921252	40479	2511492	52733	3063310	52293	3621975	47777	4227155	54160	4767284	55224	5293843	53871	5779391	49734	6337393	52617	6947835	51394	7469368	49406	8033209	30065	8496550	39888	9075825	61959	9662538	45707	10215532	60532	10773700	41632	11319509	47940	11817459	41857	12340701	52780	12863476	35644	13386740	55778	14024252	30642	14475200	45307	15003488	51780	15551821	42339	16078905	41915	16547824	42859	17104480	44810	17692865	52894	18230463	51040	18791110	49309	19269805	42219	19814442	50082	20400527	55688	20937553	42595	21368361	39846	21854397	40873	22347520	27009	22949984	52070	23438702	45798	23894363	57177	24319309	52023	24901038	35098	25372430	51515	25899917	46624	26490095	30038	26984579	56558	27535562	48197	28099429	39791	28657380	55461	29143689	54429	29683486	55195	30201377	48973	30770245	46047	31303752	52942	31863830	40905	32414156	33812	32931455	40474	33416509	41223	33929960	56195	34486397	55396	35026789	47933	35582258	57694	36170967	45593	36714176	56567	37260141	51751	37855766	39263	38271716	57815	38829818	58511	39389225	55587	39790819	46034	40274178	45221	40761585	44282	41228511	48080	41738257	67199	42270777	41663	42818096	44602	43317437	56920	43852896	43710	44452667	49232	
0	4940	592895	57809	1084693	36185	1557364	53779	2133615	77860	2748302	67192	3304026	51386	3896783	53145	4529405	55526	4888689	67601	5263370	68299	5832802	83397	6546853	62585	7034442	55428	7516864	56486	8045742	72814	8660609	63865	9107761	57815	9605098	55195	10172716	65139	10700667	33933	11283148	62671	11807213	51044	12338842	47214	12903576	57320	13558797	66840	13876048	67149	14600540	70612	14985107	54700	15395687	62471	16097032	57956	16614888	46378	17041476	71580	17696945	65557	18272513	62244	18829548	70990	19352118	53154	19908909	47484	20462928	56096	20890637	75283	21480252	71912	21932767	66524	22479638	69280	23128833	46170	23560866	67312	24062912	37380	24551386	47063	25081514	60055	25724354	55694	26323781	59460	26928362	51697	27425121	66267	28050461	57519	28420495	74405	28996071	60146	29482652	61227	29876647	66788	30219654	44374	30807001	33332	31286173	61875	31879823	69637	32415206	52818	32838565	59567	33515789	69199	33971711	64681	34449449	63572	34917919	61540	35499375	57708	36116919	49542	36620441	66565	37037395	56682	37499527	61217	37841844	42416	38323690	69784	38920305	59752	39500982	41944	40070648	76027	40588421	43648	40931334	65101	41397980	46106	41864853	55481	42470854	49084	43088760	59446	43702238	66540	44161756	54329	
91794	79803	873250	110189	1688785	84578	2470551	103487	3268700	110919	4094343	123450	4917284	106842	5730467	92277	6512772	100130	7305626	125810	8143979	126151	8964853	97301	9761813	110786	10570738	96315	11376940	119895	12191720	126423	13027057	79916	13811547	84800	14585764	121015	15418853	126069	16252054	98095	17051251	96858	17852539	104622	18657033	101593	19460210	102635	20260309	94599	21064481	108465	21872194	97957	22676971	85250	23476057	51714	24244927	109544	25061472	114444	25873482	90996	26655702	125847	27485611	97794	28276517	121615	29095012	120702	29934709	125049	30772659	56262	31519734	101940	32324832	100959	33125962	110260	33934316	117556	34768515	97295	35565168	83998	36356676	102955	37156226	59742	37926564	128200	38761400	98434	39557330	100690	40358949	107086	41158430	86949	41935203	127977	42772002	106383	43573683	110778	44387975	104027	
543181	71986	1268985	82214	1945492	71582	2878596	75359	3593913	64952	4297135	80419	5175247	74398	5906580	73072	6970605	77642	7624845	62968	8571070	73110	9447422	65574	10091441	73196	10791086	77905	11636691	65552	12557607	66917	13223750	66137	13967312	71066	14752990	75620	15421558	64137	16007345	67310	16669846	70821	17425419	78447	18149001	65911	18888386	68039	19731994	64314	20446698	71604	21245308	68668	22078722	71578	22762210	71382	23451111	63100	24261199	65214	24889463	72326	25444741	72777	26156584	77629	26836271	67360	27595562	67472	28697117	76907	29471951	69336	30209448	72762	30886469	69834	31795676	69323	32506140	69963	33260764	70407	33750223	74867	34593856	79330	35302775	80034	36182244	78592	36963289	68643	37617231	78702	38363517	71021	39156460	74441	39771392	72639	40727788	70674	41547137	72595	42402666	78338	43200436	65495	43834855	66703	
79712	132414	981694	132577	1932944	137317	2610881	138337	3392443	132487	4043390	135271	4687703	138687	5334787	132326	6309008	137252	7131378	132077	7916266	135213	8752023	137611	9296480	131417	10165848	131084	11087886	139112	11977536	133546	12745044	131308	13407001	138681	14035582	132149	14517871	128570	15389942	135561	16138608	134005	16911046	132368	17702036	134326	18539335	133395	19424667	136790	20179742	130035	20876142	138137	21689603	141285	22355271	133469	23099418	129479	24074674	134498	24920671	129376	25881596	133525	26813060	137313	27530120	134835	28419174	137792	29190230	131332	29823186	138333	30599391	135658	31382247	132204	32222050	136267	32935962	137536	33683362	135016	34320645	137497	35231307	129114	35860821	139813	36743129	130988	37439835	132381	38431959	136937	39225574	133220	40068915	135707	40843342	134054	41740321	138049	42361506	130251	42809657	133530	43757811	125959	44551492	132491	
0	40265	615191	149193	1355447	197661	2242928	105260	2970953	144318	3709773	179839	4581743	145553	5384018	96013	6133340	128233	6885165	141534	7637919	128155	8326462	121435	9009258	126719	9722961	153586	10550337	153149	11357280	150335	12052274	129670	12850082	116290	13618105	107316	14317056	127181	15005665	163435	15777668	162583	16534296	130728	17294650	120398	17991339	160764	18753745	136221	19536348	146624	20269543	110944	21005947	126153	21834674	126027	22583258	104170	23355634	89208	24052154	134856	24779521	149263	25544633	132207	26362644	117397	27113781	145824	27837477	118455	28522429	129252	29315963	122421	30089316	163424	30860657	119425	31658507	106791	32372763	138949	33133231	136458	33895571	167352	34676221	162065	35415840	78106	36149200	150482	36905056	134609	37666244	103701	38358786	157135	39168055	148502	39906730	165758	40688917	122566	41457689	132702	42230490	150450	43035391	161820	43782361	136280	44474751	122179	
331529	158883	1221076	160837	2088124	186777	3014931	163606	3912845	143099	4762038	132158	5602415	127126	6470970	150175	7367315	133254	8231689	159639	9107756	147732	9940914	136600	10838774	121463	11683893	150840	12540460	139264	13415273	151672	14306027	109575	15144803	127927	15998264	134961	16863516	144415	17720468	159808	18612741	156014	19505179	144483	20354312	135043	21246267	152496	22140444	154266	23035015	124400	23893744	154218	24788678	127183	25672960	144405	26562798	148713	27453363	165332	28338246	160155	29185967	144332	30057313	156087	30978870	153351	31856874	143482	32718202	128095	33601619	120295	34483809	126919	35335797	165562	36228977	121144	37043374	147658	37930238	169695	38871509	136885	39744243	141391	40619150	145101	41489823	168311	42411700	162421	43321047	137708	44231870	146576	
58325	81231	510064	54622	1084741	76982	1696040	79602	2270004	84208	2946590	74560	3479655	51516	3881850	63239	4337807	62673	4743978	71373	5209321	47565	5655836	53431	6170648	59211	6655058	63635	7279653	68187	7777552	48184	8313604	72623	8917679	88653	9475694	72707	10013097	73179	10476245	60921	10979557	68229	11352721	55932	11865519	77140	12359975	48520	12789531	67091	13206931	63430	13726133	56504	14329386	56542	14676381	54928	15134724	66109	15692009	39692	16229994	72949	16658871	61016	17218387	71463	17749416	65559	18213607	93457	18767155	57783	19345844	41874	19865938	56459	20320934	44130	20813021	59993	21336866	50283	21872841	55698	22297535	47907	22682861	79594	23186538	55002	23605745	52924	24065827	42906	24578690	60425	25042215	67922	25591505	67517	26053348	57056	26586769	50311	27168478	59691	27532228	74038	28086608	78399	28643351	71613	28995777	61109	29557785	34513	30054280	39540	30425812	50309	30891758	77611	31405344	64296	31929984	66613	32490158	36280	33050651	63498	33744889	53569	34258984	61704	34702018	50217	35231803	59176	35782248	63916	36054969	67717	36533178	57235	37047037	50337	37480299	71709	37979699	80728	38548052	91324	39061847	67550	39599560	83447	40162622	78065	40708137	81272	41113968	55666	41573930	61980	42033786	64689	42562432	54906	43065898	95802	43667495	73145	44149247	53520	
123927	88908	719802	118286	1245789	79898	2110010	129660	2756195	127096	3425764	113194	4173546	97669	4818498	130016	5398456	147257	6074052	119868	6634541	113422	7452671	123647	7894987	148831	8720605	146902	9456141	127599	10091650	110469	10727519	113177	11417267	131790	12078852	97532	12864986	124974	13499979	106127	14195424	81499	14772517	96415	15436545	89723	15949671	124035	16662464	124846	17227500	135739	17816163	90820	18569318	107030	19248532	135492	20066397	127620	20600526	65396	21207936	134184	22077229	88730	22719559	109587	23417365	62565	23933691	137681	24674705	84337	25125855	128535	25590313	86376	26006029	127684	26619395	144580	27336391	106693	27957070	109426	28501144	125990	29092611	149926	29922367	108031	30660737	102673	31169622	142885	31821572	122900	32386033	90019	32869316	99135	33439283	104676	33982227	106737	34582752	124347	35086374	138887	35685209	112252	36443543	111796	36837016	73179	37521711	161728	38111124	97138	38722301	102854	39497423	101988	39950218	112116	40514097	107570	41281274	147027	41915478	72478	42595243	105321	43162255	114785	43833667	145284	44501726	124598	
