50	10	3	10	271672151.59021	9797.2452
16534	2374	51446	95609	41875	94790	124599	48644	3284	89672	
27511	25283	16943	42564	107374	92051	79684	27862	28717	38951	
53827	67848	65632	68218	79031	84510	106033	42459	4045	11535	
8015	62649	107812	58226	2606	33948	5133	63689	51150	8692	
39577	54409	5675	58434	33812	39448	61857	14338	95569	55893	
110054	64541	2160	2886	32864	21547	30785	37357	20882	23912	
102119	96820	49921	64370	58618	34870	74572	17929	46976	4979	
103106	55678	40172	29099	61797	54487	64861	17236	85966	16353	
78978	23166	53729	25998	31079	115315	26245	53467	86576	41673	
135175	2892	46482	73888	25224	112304	26151	21221	62824	7465	
22295	66705	8942	93680	51408	136700	6499	24401	54483	7475	
53844	57696	37638	23016	93921	51527	54590	81837	68006	102586	
24625	80134	56489	1146	47236	93287	96945	82081	67285	11297	
34251	44465	36017	63346	15913	8021	62308	61785	121709	86496	
40362	64221	65370	49733	19628	84292	96514	27954	81826	44771	
76718	83896	29414	26493	106738	4842	40005	31227	68691	9747	
91594	33410	99481	82390	78800	5472	61902	81609	6657	25440	
37957	12104	78931	10125	73778	73167	27734	36141	18305	4098	
19384	67165	39691	91775	25777	10915	116058	28836	1014	99694	
97253	97217	5194	38181	110180	107351	34236	72537	21103	80730	
88966	48068	21932	33997	44442	42491	30692	35963	54939	73924	
113882	86950	23393	109751	47457	58230	100229	82490	92059	29925	
55052	25801	60362	12509	81213	73170	15415	62521	52370	86222	
69049	79513	94194	76255	15613	16280	61998	86676	55833	49685	
4843	62386	60916	61957	16691	39479	911	49856	90733	16391	
20378	87187	39653	2864	54415	102920	34615	23531	83639	120384	
28749	53494	16357	43146	77916	75013	69194	40381	54402	28074	
77434	3693	21054	39453	34922	27385	84568	57296	87069	95731	
22123	34625	4953	2160	85372	46681	53439	45745	52771	30311	
90860	16613	82974	47071	49655	42182	78087	825	45089	53593	
5664	31028	57328	74074	91598	45089	774	65801	57674	106519	
94160	48913	37436	47117	20417	11259	71706	40415	45249	35360	
90056	12489	106527	17670	36842	7628	112222	2997	46144	25665	
9463	74239	53627	73826	4340	48246	89442	32714	30295	11654	
32047	44592	28796	46496	66123	43229	11547	46540	54082	126074	
38368	49989	3911	36251	29945	32167	65365	91006	9543	65514	
97031	58686	25830	48641	38722	8833	96491	27921	37967	14819	
16837	34887	50217	76230	33863	50827	15328	81691	51190	2943	
63230	35987	11760	10238	23464	17611	64633	15395	110096	48215	
42899	33956	11165	35903	44217	89789	120881	29254	27562	6569	
22309	43780	88596	29867	27998	60122	2682	19358	9131	106144	
30291	25550	6641	21044	13989	57605	11973	86325	21848	46513	
68310	35069	27515	45254	80245	29328	21850	39664	60639	31153	
94906	38323	59781	9019	9772	14991	27389	13418	24396	15655	
77813	40593	36050	4032	32579	20620	53530	72462	23840	139829	
43730	43866	70753	53376	87665	101545	78384	54512	69019	69145	
29048	103129	34835	35592	65781	24394	52624	3381	54318	22672	
8563	20588	56382	41724	52160	5007	7217	54089	54969	21928	
36609	69335	102912	89050	39285	35725	35378	53013	75196	80192	
34178	17206	74597	81993	47013	44476	32458	53297	13074	55303	
72724	64551	652228	41209	1214136	44313	1577494	81754	1982743	65928	2597473	43924	3131457	55962	3610294	54521	4180951	60937	4772591	46020	5303001	80127	5805494	63282	6293476	62384	6661490	50462	7141662	48871	7743553	75933	8208401	66615	8566764	48486	9008129	69006	9490567	57487	9906317	51199	10511574	29428	11028530	60086	11339531	50016	11778762	69082	12201862	70573	12491753	65827	12942086	64903	13461072	53310	14142543	44595	14495064	70346	15013561	39004	15479929	90746	15989890	60335	16442931	87426	17125681	68193	17697264	57299	18129694	54892	18709718	69877	19245093	65314	19765456	29352	20330793	65012	20795360	79367	21332506	59670	21780451	69845	22302258	71388	22927498	71012	23587981	47064	24234348	68178	24886845	69154	25376832	63680	25834764	42957	26392022	59213	26886615	58865	27373128	59172	27894652	76431	28522398	82047	29128955	55180	29621438	59642	30212885	78186	30660218	78199	31183480	66873	31674549	38544	32136743	58092	32681646	35191	33164823	65219	33759379	73978	34244154	69435	34818027	53698	35430713	67061	36069011	57767	36567916	55031	37026307	59399	37582861	58234	38059196	57091	38436073	55628	38962162	72584	39616537	22803	40058940	62716	40446521	80647	40933444	63109	41541340	75477	42119581	45675	42529076	61089	43140874	59783	43706027	66763	44018015	56364	44660789	58312	45304273	63186	45912655	53863	46422095	54666	46838909	71886	47521222	72496	48075622	56954	48650233	38224	49084162	60615	49638040	45712	50186707	63911	50630324	66858	51135843	75786	51668675	66285	52119274	79058	52776839	57143	53119858	68036	53578028	47360	54167379	50601	54673158	44573	55059948	47504	55689314	61008	56026986	62012	56566788	57892	57031529	47745	57477501	53096	58049570	67876	58521219	55808	59001661	45707	59562337	79135	60199269	51743	60572713	66303	61040702	46944	61465329	56811	62114688	87462	62730651	67680	63310665	75870	63774679	76485	64294898	57622	64618598	74314	65260659	72024	65681274	60275	66103257	70032	66584802	53001	67261498	46064	67708160	45677	68200327	52567	68835641	61677	69233127	59891	69622543	65137	70141952	54197	70742983	45814	71131499	59449	71660775	46071	72129780	69030	72658338	59079	73125244	74072	73623401	65390	74097382	46896	74669262	64338	75078854	76771	75508159	55959	76130416	63942	76543371	51419	77026959	31992	77393278	55833	77730097	41784	78189160	84697	78604652	62523	79223335	62513	79684546	48681	80206963	72767	80799066	52966	81240078	43077	81767043	78126	82375803	50134	82948868	55896	83477476	74068	84018574	67963	84457970	44962	85060114	57042	85674085	53924	86222485	56070	86742677	53319	87190552	47222	87630216	61119	88033030	85088	88565234	62127	89200042	59222	89885953	67992	90325359	58508	90928704	38585	91579011	68806	92049833	39168	92548443	62161	93078814	65514	93547166	33614	94052738	75904	94698213	68285	95309938	70949	95865668	52635	96277489	66186	96908241	74874	97431604	58753	97927976	61955	98400369	73572	98941361	64915	99467500	69834	99977180	65070	100389903	54979	100698232	45298	101236792	56497	101640743	56318	102211727	60053	102667576	60869	103093811	47529	103510778	64467	104171962	60868	104638564	68765	105126075	53248	105576897	59707	106046493	52625	106742545	45627	107305311	62881	107916004	47072	108427717	65382	108944644	64193	109495763	74823	109993934	57444	110522110	63302	111101127	63954	111540010	52954	112012352	42276	112535203	52329	113026714	60256	113337245	59251	114021394	68031	114604730	58299	115262013	58194	115841693	57162	116363235	57536	116906986	60602	117398682	74995	117869812	56651	118396902	80366	118837108	75760	119538112	90208	120156681	57367	120583443	67360	121184070	48939	121569571	54924	122212410	58557	122768834	71684	123283023	69365	123841530	43182	124251888	53346	124706336	59998	125250195	47164	125781216	69661	126205838	64715	126783993	53123	127381053	42623	127730939	56012	128354375	61799	128869398	68188	129315909	64380	129758463	44386	130170909	71467	130545441	58477	131113232	72398	131694512	53156	132168055	68304	132760800	60353	133345147	70487	133600196	53934	134043869	62854	
393307	82837	1084157	51623	1629281	64741	2145787	65910	2743801	72117	3230606	69824	3754852	64714	4156501	77603	4813635	84164	5418477	83894	6036227	48981	6610238	83220	7225847	95518	7785497	95341	8468524	74082	9129318	97922	9714973	97837	10342851	62478	10792594	86144	11459527	80792	11949431	60843	12393725	84375	12789399	103479	13328071	41925	13940281	50084	14503040	98805	15000356	67282	15400918	87006	15891811	65722	16574715	116952	17048277	74250	17497059	83895	17944498	66947	18409918	80571	19064774	63614	19532039	95482	20260612	76931	20873540	94475	21587618	92248	22082320	60617	22546408	121442	23034324	113560	23560594	77465	24021157	84441	24516467	109510	25117234	64635	25485356	89574	25979321	100903	26596711	84317	27200976	113222	27755060	79248	28207252	57675	28653119	76088	29177293	72478	29764380	100880	30429467	82779	30815893	75922	31442003	55339	31849201	74261	32420445	65582	32957846	87533	33470315	77619	33955799	73138	34389877	63893	34940199	69714	35611761	86756	36205468	94243	36819332	52796	37290352	50076	37826657	69955	38539965	73483	39127388	57801	39714889	42429	40165170	94291	40719873	61273	41237938	77620	41727987	66274	42231039	99055	42931144	69576	43723067	91489	44248704	80790	44835022	44323	45418087	70565	46080057	60605	46554865	70152	47073349	71518	47882618	61904	48339068	57703	48771181	41400	49358411	74871	49895566	66099	50441539	58536	50884296	66299	51451805	96650	52083242	54219	52667254	92602	53258387	78240	53774761	49273	54123889	54141	54340567	70732	54953878	69698	55679429	77624	56210530	88582	56729676	90149	57346961	76252	57883044	77116	58417060	77044	59029322	90137	59572590	97518	60139866	84440	60705771	122433	61336604	82361	61808536	69979	62218403	104078	63044353	76632	63649127	68763	64213506	65564	64765838	109258	65291996	82574	65705974	84986	66260820	72087	66766923	78810	67493541	89004	68016142	75158	68562994	53689	69029432	90342	69616880	97407	70086376	97821	70629238	109460	71270670	75335	71770653	65529	72119692	106442	72784514	103056	73514542	87735	74025050	96601	74514344	87451	75125451	62770	75742007	29636	76322264	113024	76817691	108620	77331174	61968	77869926	102002	78551401	61792	79172802	104474	79753526	99245	80364802	79670	81075736	90293	81618429	61941	81988551	58428	82303569	54121	82952554	93402	83565504	119783	84045004	58668	84477845	79845	85018090	84263	85722876	49689	86360074	71139	86918956	75833	87475988	82910	88069305	98240	88574866	75309	89020286	64059	89447966	86962	89963265	65319	90652325	70121	91377666	87617	92029031	86248	92549982	63407	92996533	58768	93629920	48847	94207287	69566	94618990	62378	95043437	62015	95541723	81607	95997334	84261	96505346	93702	96906493	69087	97391149	49736	97899858	91306	98432059	85159	98978326	55317	99628369	63434	100101375	82595	100687743	64575	101001127	88950	101418625	82453	101755517	77638	102243912	73375	102796955	91387	103257011	87109	103743916	79986	104313348	99163	104747119	82090	105171955	81615	105766018	77330	106199393	88714	106763864	66591	107209315	54188	107883565	95888	108407563	82739	108847455	70751	109437904	85571	110053885	76321	110495381	80409	111180282	75933	111744273	75510	112128116	86953	112728462	75666	113180874	65450	113682879	64031	114101842	68137	114585771	85586	115142990	79761	115585240	99408	116304318	93773	116797994	65014	117253225	88137	117785309	76643	118149577	101509	118693037	71451	118966729	75680	119442788	77917	119991749	70565	120464609	68487	120919235	60396	121583415	53329	122225873	81616	122800008	64989	123368209	80862	124089745	52384	124738485	91675	125484083	78432	126030708	67072	126515886	76846	127032704	76128	127427692	81876	127953821	86730	128516096	67545	129040240	91867	129473520	59600	129884205	56207	130400129	105653	130925275	54923	131448050	89062	131977131	71110	132576179	83045	133063979	67268	133618251	100245	134267610	79246	
41305	131508	565413	142091	989049	128034	1516544	127901	1983478	126585	2480451	103868	3103221	171187	3730441	196850	4350493	170184	4805418	145716	5253500	95784	5691241	124252	6166749	156009	6776918	140881	7428884	134183	7974360	150762	8418373	156436	9007367	106497	9524418	174499	10060284	104367	10607483	168121	11202574	181493	11777809	166286	12323546	117114	12798110	150434	13399851	160908	14005056	173805	14660720	175975	15200256	124025	15649252	133125	16124315	147177	16631570	115210	17073686	112683	17636475	120747	18069956	164111	18629940	111067	19083201	116523	19552485	112230	20018585	147292	20655851	131918	21197314	147204	21650250	162105	22230479	152006	22884503	164324	23520528	180630	24288516	158857	24800624	184194	25260406	174374	25709908	116409	26192119	143541	26894458	148865	27423629	139743	27955996	136682	28570557	152041	29101338	151845	29616649	127382	30149435	139340	30733943	162484	31318166	110719	31884357	135799	32395149	178257	32735758	82187	33260614	145892	33792426	121095	34316368	108646	34756334	119015	35302055	141425	35941420	143378	36482899	138066	37063758	111391	37488165	79930	37986409	165460	38720235	108943	39256496	134876	39716708	126142	40222714	86316	40751934	126956	41381883	136299	41771230	157379	42409290	121845	42852781	123205	43426293	166216	44073551	127987	44471840	171145	45010381	146774	45535962	165743	46134965	135696	46628066	110042	47140267	144911	47668914	165329	48311960	114850	48811007	170358	49461589	125371	49959338	142682	50574343	199709	51147015	132191	51660003	124560	52227710	178912	52822149	137420	53407269	140383	53998182	172681	54633772	175490	55302614	58390	55807513	150321	56350376	169720	56929303	150907	57530567	146558	58105819	96328	58554777	183628	59148967	113306	59561129	161514	60226499	96088	60624555	130919	61177442	161052	61798183	110422	62174672	179123	62702232	111983	63306866	135350	63658978	135037	64087736	86657	64588066	164798	65135794	188938	65671204	153679	66205734	174810	66768973	131679	67377360	160361	67884725	166496	68365219	151771	68890261	103769	69321495	167345	69776683	168157	70514342	168513	70966190	131914	71409364	187194	71990637	123338	72570441	144101	73235810	170869	73725578	166777	74447493	149393	75025928	184146	75624257	169227	76033173	158296	76787959	172115	77281512	147045	77811142	136437	78551527	168852	79199178	163298	79726574	119392	80186032	173923	80811648	136595	81273467	158651	81708477	156942	82256595	152309	82671652	187066	83131103	176205	83713690	166102	84263674	173764	84846810	123692	85325141	76793	85772821	165160	86265210	109348	86755595	112382	87355704	152445	87950155	119973	88365585	92277	88744036	120252	89109644	143949	89705298	139733	90281699	160480	90773220	163889	91423531	128163	91872510	146711	92363058	162409	92919514	132398	93518767	147538	94094024	128875	94661303	120131	95189767	131916	95670550	153521	96338258	171098	96935431	147717	97648407	181775	98178665	135918	98572906	129490	99178760	165264	99810212	134766	100378577	135781	100930056	155864	101422477	159095	101995604	146343	102356691	151270	102962773	175163	103463526	110976	103919294	86357	104409071	109439	104933473	126565	105499426	127628	106071994	107451	106522503	184197	107149273	97788	107655824	158559	108108554	142929	108523107	137146	109017810	110771	109420433	119297	109913635	120929	110481372	173620	111073585	138018	111692685	142638	112258697	144017	112719784	174650	113216673	137262	113769576	120733	114177452	125366	114812924	152635	115355929	105220	115856721	87066	116302109	192811	116874682	81228	117232892	161481	117789442	120945	118249196	168082	118805825	112444	119235275	150475	119858976	119222	120154120	122812	120625272	155996	121071955	193137	121642481	185447	122148862	140830	122830081	131545	123344593	91216	123853982	125381	124402858	89043	124718769	133321	125264191	88063	125848527	128250	126432602	151457	126970925	144103	127537658	99996	128174776	116442	128705417	202249	129204351	151609	129758340	154341	130246565	134128	130730119	169459	131196188	173372	131664291	149588	132218893	156041	132853735	91703	133395301	146941	133966420	152875	
191253	74321	687100	74488	1251051	86381	1634579	67704	2090213	104334	2597953	64829	3175677	93257	3771685	56639	4374960	89253	4783572	79113	5241105	73159	5593521	73130	6008935	75200	6546452	64207	6999198	74502	7401141	53135	7842147	72538	8419755	60786	8975866	71183	9358920	91639	10044020	80644	10506144	74521	10904803	70220	11415562	69503	11900493	61374	12375848	66027	12824514	65338	13377542	68454	13814591	55692	14256628	92544	14728768	56736	15289031	54506	15717855	109018	16376734	50693	16731212	49782	17183644	57464	17727343	80221	18298074	70154	18714079	64672	19263542	57263	19646643	69163	20148976	52556	20572646	48360	20980173	78796	21366399	84124	21722430	79729	22317880	69690	22772296	54075	23428219	81298	23933976	76613	24425766	68258	24793810	67805	25172970	59299	25695700	48904	26059292	71707	26410706	68072	26815637	71029	27254731	66684	27825705	90446	28324974	83706	28869223	51910	29231698	73359	29799726	83943	30290825	73533	30808528	64867	31183402	65118	31668264	75277	32302590	35107	32789199	50839	33107477	65765	33608010	56040	33987634	77741	34387111	66676	34781263	87071	35295596	70468	35728689	73562	36176216	58847	36758309	80008	37173358	58061	37626978	58022	38074973	79812	38710360	62972	39106801	87565	39609624	77362	40237285	76167	40787777	43649	41342463	67020	41906358	33948	42266624	56936	42762031	66773	43280389	85208	43697850	78977	44020004	69267	44542105	90245	44865595	52732	45393288	38795	45831726	69019	46338315	54782	46792156	53955	47190820	71678	47466720	78062	47813417	83179	48253835	76964	48620361	87134	49165498	88547	49387736	72945	49724786	71990	50205461	75574	50778431	51634	51169261	86388	51710684	81094	51966956	64614	52299184	70203	52752623	51815	53187468	88901	53729297	85735	54282205	73448	54687921	77227	55250130	80710	55716457	59974	56165405	90206	56681327	70002	57075686	53191	57628039	76525	58004422	102733	58326368	53971	58969126	63624	59392040	81102	59857719	98083	60375760	68723	60900101	63621	61294925	45237	61928260	58049	62421446	56809	62692199	59803	63113794	83630	63602347	73058	64115256	75661	64517987	74341	64991005	58203	65539347	95057	65919591	66338	66285191	71440	66751843	92765	67144873	70600	67772599	83059	68189632	63927	68619432	59367	69052445	90041	69494749	71576	69924470	58217	70313987	35453	70706866	69423	71183022	50473	71683114	69779	72313161	52618	72763303	78047	73168551	57420	73672225	83203	74087669	59735	74545978	84236	74950536	72200	75400041	73482	75884446	71198	76284765	66166	76801664	59239	77187461	106755	77614708	83158	78082796	68590	78432283	88169	78794846	80922	79161900	82834	79601731	78049	80020967	71057	80473683	72586	81100977	72594	81604480	73183	82130122	86693	82553884	77216	82984898	69305	83390017	67895	83855645	80225	84336900	62910	84864579	89453	85437503	74031	85997338	86840	86510178	65428	86942176	72156	87440911	81001	87909107	59285	88301593	80744	88774952	76523	89163049	76593	89751329	70273	90343149	69168	90600591	113609	91098696	82026	91632147	84111	92227372	51663	92619087	34372	93143134	87356	93735576	50399	94030696	67149	94544891	61335	94999014	68360	95352621	54042	95779236	89409	96306059	88504	96824126	73804	97213173	56578	97654621	58831	98139508	80528	98572011	65175	98946803	77698	99423990	61842	99904194	66214	100423910	68174	100708495	55559	101250149	53369	101725878	52836	102201119	82074	102671046	74857	103054664	72215	103522256	79361	104150796	68282	104431355	81156	104799800	90043	105315522	78067	105711559	69076	105998267	88262	106509428	41277	106842169	70626	107323891	60784	107868827	54436	108355582	85397	108910718	50377	109463841	78014	109894393	74313	110380836	54384	110889359	98358	111509556	67225	112146164	50943	112480924	69189	112854484	57463	113437329	73693	113905134	94000	114390966	75484	114995907	50197	115287710	66927	115885562	70147	116326798	63582	116718703	65695	117203030	58325	117610162	82154	118026369	71523	118453452	97741	118999721	77480	119558062	53276	119967658	68010	120400742	47764	120796201	71486	121267805	62813	121752176	70308	122262592	71210	122778711	96562	123317656	93880	123920545	70815	124370291	80412	124838004	62219	125411530	80360	125924602	55472	126426478	58852	126850923	74528	127351263	89710	127772439	84984	128458217	67443	128875955	67322	129178169	84999	129673457	74519	130219330	85973	130704550	85627	131139177	74523	131574032	95904	132078304	68055	132519569	50266	132964706	40292	133386299	77171	133827223	78621	134180908	55639	
105257	157409	945222	163565	1843529	157370	2568512	86929	3501980	144006	4171562	175524	5298610	137163	6122291	157136	6774487	127196	7712564	125337	8343999	140553	9143667	141032	9905838	116482	10262633	104122	10814945	153740	11618869	155729	12585391	118275	13464452	162367	14519663	189770	15445017	184868	16341471	171086	17417980	139962	18284179	120021	19185329	120315	19988355	136235	20755271	140629	21613358	65705	22370090	144271	23269715	102862	23889107	163735	24796884	102201	25508615	126284	26398203	191784	27498366	140828	28536766	137498	29260735	158358	30311431	96410	30837884	111732	31581406	102472	32392587	156630	33556822	159694	34417047	106656	35189973	165738	36056126	139551	36972009	150330	37951338	141485	38683701	102901	39745122	143263	40527440	83615	41311450	100056	42242227	134969	43105258	129303	43755547	130296	44716568	65497	45669038	57077	46537911	159124	47575428	128066	48605900	103444	49176210	176596	50217787	131634	50930754	131753	51749689	121000	52596523	140814	53499670	166431	54422350	154741	55300800	197797	55986382	122138	56716822	150178	57485777	161548	58432541	145344	59339343	204522	60251273	200794	61057256	122368	61581612	157060	62570741	117581	63071695	148285	63795106	120083	64756070	136414	65616532	167416	66403397	145837	67508813	146486	68350372	147801	69283094	146037	70173703	138225	71051384	151466	71729877	109174	72337846	125866	73382693	145750	74225956	90070	75127075	160959	75984679	133998	76498500	149798	77188685	161113	78099027	112402	78781778	158376	79661631	170111	80681037	127599	81460211	104973	82489249	116817	83353115	153592	84238254	186537	84857799	131778	85776897	189099	86582628	187684	87345223	116041	88233069	137006	89176846	104565	90118820	175506	90990423	135531	91772556	121283	92446598	89465	93034069	128802	93794912	102417	94670348	165921	95686822	86353	96641561	183846	97634115	113151	98627181	132034	99522540	73914	100488826	169201	101033642	146680	101786814	101366	102330743	134674	103304069	120401	104057926	136060	104972772	132656	105836775	148195	106442465	173681	107344748	146595	108219399	185141	109100499	103053	109858982	92788	110616702	124820	111665319	105091	112308983	130055	112868738	154967	113859184	132578	114622596	146584	115382162	122276	116158393	108649	117187868	146486	117986400	120617	118746388	141544	119532449	110557	120593029	112166	121546395	127233	122496152	184396	123166868	144407	124183876	133642	125034109	98942	125692411	87195	126364771	76756	127105565	143661	127721187	153143	128637364	127107	129668095	129373	130475458	153315	131167043	171365	132110650	119803	133109116	212927	133915316	144646	
228862	54039	560489	59968	885808	64561	1212314	47668	1535860	49488	1998098	73445	2484501	51539	2813774	57598	3193690	66346	3564073	50873	3988654	68419	4314702	68878	4677809	77268	5147529	77308	5751182	67386	6177973	42614	6438501	93305	6943568	61909	7312077	45197	7645266	78966	8075094	57940	8510618	71960	8919863	62266	9396456	69809	9785174	68609	10259383	49320	10698267	57090	11137698	62800	11524136	39934	11891041	52186	12249979	51321	12762472	69676	13242698	44256	13640985	64553	14071287	89116	14582802	69167	14921562	57904	15289259	50806	15622267	46185	16065338	78048	16635259	66205	16971901	49955	17437938	61630	18033368	62465	18397460	58957	18930950	70847	19273915	71474	19848101	58064	20314993	71410	20819429	48853	21303549	59711	21763780	39600	22236924	49472	22581483	40831	23034799	57073	23572176	63472	23984565	49131	24427223	58086	24946118	50040	25378046	67385	25904080	46496	26288125	46337	26741255	51774	27083492	73875	27507772	55739	27835524	52850	28380006	75555	28646145	45067	28914132	51573	29376174	64912	29822239	32412	30307307	69708	30703427	46386	31208652	50265	31576597	59186	32132904	66448	32747502	70349	33291167	74058	33805064	33413	34184183	48681	34680826	63299	35072244	46491	35540407	61695	36020458	58093	36479261	56862	36871380	51884	37213201	50528	37566592	75181	37872847	43227	38226655	66121	38622644	23060	38972820	37707	39469485	36655	39805153	45860	40050547	62356	40507551	37317	40810091	66037	41212346	49346	41537978	73901	42049842	66451	42464976	69480	42766759	65721	43106531	49956	43588039	67756	43993083	77122	44438108	64648	44848740	57565	45216843	52361	45620781	48056	46060872	63489	46444180	46076	46792199	58926	47135667	50800	47503881	54740	47962529	67655	48410572	55931	48896678	57002	49418124	48556	49777057	64167	50125867	55941	50513719	60632	50787642	71454	51220177	69493	51653307	59618	52048478	56176	52411497	51670	52809066	55082	53119188	48439	53489542	67727	54017737	68898	54606500	65146	54986593	60310	55439330	58527	55876997	63996	56290101	44414	56650454	39198	57144763	59275	57641644	59876	57995192	70445	58603611	52181	58981565	65086	59367223	73400	59793132	30275	60240513	58892	60679399	53952	60978460	65436	61475986	45472	61895094	46830	62325172	63316	62703109	46717	63022990	53012	63376178	64543	63830974	67874	64262678	59198	64823876	50268	65282156	56423	65678446	64694	66070707	65631	66588083	48093	67097443	65328	67445730	60235	67883375	71958	68291795	62396	68821570	53528	69265419	74955	69832231	40308	70258341	49348	70702562	46187	71143548	61216	71538428	51541	72014601	50041	72448986	70770	72859437	49485	73326971	64910	73746345	66229	74153030	64545	74583609	56596	75023607	54147	75494989	37212	75892211	59568	76277326	49381	76708576	53958	77076717	58804	77632292	68093	78053099	62322	78439226	48980	78859328	84630	79343819	61292	80033062	63540	80456009	46453	80876852	58142	81262275	59433	81709621	49156	82205563	59974	82513482	74243	82945530	52658	83263007	62448	83879595	72907	84420954	39061	84782065	63958	85184466	59334	85606931	47698	86081719	61860	86483617	62560	86871185	81589	87356385	55612	87621159	57005	87995571	44194	88375685	63376	88959351	81244	89263057	60478	89839133	48237	90365730	48102	90836436	50936	91200263	63111	91714018	48045	92083992	41015	92442257	43096	92964172	71885	93461363	60630	93797418	62673	94083342	75140	94530255	53981	95000808	51396	95548572	40046	95903436	66913	96376120	18524	96728104	76300	97217212	59054	97717881	67787	98178610	68040	98624975	63189	98952638	54438	99405296	56728	99730977	84417	100213437	52109	100631649	56376	101093814	44472	101577046	64908	101925134	62442	102376679	59905	102779241	73297	103143721	43488	103457174	62806	103856470	64905	104131400	38639	104516112	64232	104912717	61578	105432537	74640	105904430	53565	106267998	59496	106670500	53805	106964528	42753	107489142	50272	107915951	53547	108342539	64003	108760756	42621	109245063	60685	109659975	50359	110029745	70234	110501022	40579	110908146	72777	111233923	68078	111552226	56934	111864144	63456	112289083	56680	112760895	72702	113191478	52960	113620328	49729	114177557	40140	114679230	61112	115115437	62799	115549323	46146	116056215	33630	116385785	57537	116897929	60637	117237755	21307	117708707	84056	118080002	50827	118546818	52755	119048513	41957	119535774	78195	119979901	55376	120440716	53829	120877663	62469	121425387	39572	121971943	63509	122386782	82200	122936764	64975	123347856	65535	123834321	60753	124272938	58071	124802352	51653	125271366	59645	125685386	41445	126145702	61809	126649709	51696	127096375	39094	127463014	49070	127816098	70995	128227282	30764	128635878	42008	129065906	58133	129598607	64762	130142470	55221	130550995	61272	130840424	35682	131239229	56174	131673959	38237	132002243	57601	132460366	54776	132870734	49000	133237047	84781	133720756	70039	134144471	64876	
0	49549	678103	99012	1519097	99168	2387527	74840	3403940	57945	4266623	102023	4965255	80857	5679717	91952	6427905	108705	7289257	88917	8150536	58686	8743259	85530	9565323	95784	10306878	101086	11250163	97278	11839793	66685	12809381	107002	13721535	119243	14593909	76147	15198311	115529	16050989	119817	16743737	99465	17747428	89611	18576909	82230	19257896	51420	20102122	88340	20644736	73550	21246574	101933	21893788	108908	22679434	92196	23287162	67138	24172976	101437	24991624	70154	25858564	95476	26723865	92130	27616252	74891	28114678	116230	28734791	84271	29584263	97880	30481077	102289	31323051	104211	32121376	71030	32669619	107032	33280747	112284	34372984	86934	35046861	105928	35811892	86255	36768595	53845	37526695	59022	38368843	108849	39257657	68772	40223728	108294	41115143	100002	41889807	81795	42706524	98847	43346867	107673	44196611	99851	45022160	91602	45655015	111551	46513352	89176	47461521	61690	48474077	81657	49205885	67433	49918311	75783	50540871	73981	51391617	82875	52373509	79372	53132545	81102	53697942	114479	54566584	72457	55478633	98505	56053980	110702	57012877	99802	57558701	79781	58313603	57154	59024884	75288	59815295	53839	60801032	63206	61794396	81290	62540547	98886	63661240	87380	64530643	75191	65461184	85591	66422804	120942	67172825	107021	68016975	100100	68785954	100450	69558761	69901	70365959	83265	71318125	82675	71902774	84480	72696567	90935	73494741	80026	74277964	133148	75268288	93964	76216602	71005	76930291	63882	77578946	100921	78375961	81141	79121000	108310	80140548	96954	80772628	111508	81638173	52651	82379657	51991	82859149	87707	83664719	95107	84683272	80633	85703870	76479	86377395	84088	86962343	73749	87553227	75192	88384096	109901	89202456	84608	89941895	83613	90815241	84203	91723692	94861	92443071	90018	93412361	94725	94310494	60139	95004071	65755	95767352	73808	96572365	77613	97347148	72039	98042086	85267	98816466	84212	99661295	99618	100314578	91467	101265793	70153	101961917	85743	102574092	89989	103321308	112672	104056765	110633	104712819	114759	105514422	82155	106475942	86073	106991307	70194	107421200	79710	108168115	93072	108970368	81496	109673143	92223	110461051	65998	111312004	89025	112242722	75174	112978124	96647	113555371	82335	114379050	82600	114896805	97958	115824427	81796	116672167	54732	117393950	86945	118551482	87647	119377024	99862	120184110	100904	120979244	62821	121789425	94729	122569463	93751	123373243	99949	123993817	74415	124679524	108962	125448186	95051	126287161	90797	126968889	104303	127635340	75928	128650074	56957	129379908	115039	130298513	105119	131160220	61972	131777189	85276	132760916	66018	133672553	89497	
0	46650	548141	83690	1144494	72557	1615176	51391	2061527	109115	2507956	105044	3204711	94581	3918844	76672	4467762	88736	5022361	74563	5403093	108622	5977724	96295	6561715	88893	7071075	85284	7777492	77182	8269609	87255	8931753	85159	9237257	92281	9814476	64990	10259472	91456	10793472	100185	11254516	71751	11680099	69051	12152350	91427	12705463	97751	13327078	70407	13873361	68492	14405697	72316	15056385	69274	15556094	77208	16172959	62896	16727515	65498	17453547	66667	17789965	103029	18301466	100348	18775798	93461	19251993	93908	19921321	46593	20429248	66595	20921537	80980	21387770	93475	22001717	51355	22496166	120870	23199308	98049	23751258	88922	24321619	69734	24926949	72248	25328781	87353	25845134	90179	26392838	85046	26927975	65740	27343607	50474	27850431	92628	28625925	92163	29234800	81070	29897672	57231	30449011	58710	31067985	63060	31498013	60574	32039082	62156	32490695	77021	33016077	63225	33554752	65145	34154465	89401	34754081	88612	35271691	65974	35802036	72660	36358677	69688	36914619	81954	37351694	97548	37912640	68640	38473159	77914	39004542	61042	39501881	66073	39883723	97356	40477371	62535	40904361	85064	41501581	82341	42124240	93219	42654344	91003	43153542	93106	43640340	97112	44091875	91389	44505053	91748	45196126	86798	45741625	88162	46294304	77889	46855027	94139	47356540	74167	47809119	105099	48341612	88254	48939638	71499	49524761	79833	49995067	37758	50581273	104412	51310424	71530	51775988	87843	52243399	54341	52688485	76239	53107807	64248	53582150	75143	54058886	78664	54701282	81254	55264730	103248	55821165	69926	56354703	91009	56972655	87024	57427909	72693	57780442	94861	58411958	73102	58957154	94395	59553287	97867	60062101	74431	60602230	89951	61153891	80722	61771677	91919	62318662	79463	62877024	89602	63577426	94068	64269992	97214	64664358	49522	65131820	88067	65739671	72839	66178379	70689	66715822	60240	67310072	95749	67749271	70762	68434686	86178	69051651	54383	69480446	60606	69866219	69999	70486925	74309	71126226	64599	71484661	89549	71902687	75290	72584236	66533	73109948	78938	73662606	55406	74350291	72877	74888623	104479	75487015	65838	75925244	74792	76291511	64649	76718021	80462	77333637	66735	77884006	66846	78440286	89504	78902897	74054	79394705	58190	79843415	92829	80482135	69949	80935666	98346	81456357	96146	82036567	77140	82498227	82695	82954676	107415	83459065	87879	84004141	65453	84412594	66770	84846003	72815	85189409	72193	85635661	65634	86068297	91100	86570039	67736	86942187	86953	87488459	78413	88062224	72485	88663069	60655	89316453	62517	89761415	76409	90306197	83513	90725861	72287	91201246	81621	91784052	98255	92275406	66829	92668663	99974	93203681	88214	93819402	89324	94394985	66524	94906350	86070	95531104	83812	96018496	70693	96661847	92268	97193363	63762	97667878	81330	98220883	50151	98732064	104699	99202583	74995	99771648	52870	100084771	94241	100630781	90303	101177662	85054	101609340	48154	102226776	74661	102601516	89031	103228138	73243	103678837	87281	104147312	80437	104578035	94302	105050812	105296	105515865	68885	106115317	43666	106541688	70606	107177294	80107	107722031	82025	108227472	93524	108683288	71517	109261841	77249	109909715	102899	110573536	57823	111154490	75571	111789534	94737	112243793	69164	112715118	91900	113251251	55961	113724523	87897	114304702	79131	114921177	66417	115310062	82976	115865915	68347	116418910	93922	116997263	72982	117542568	94029	118172118	82067	118799633	67013	119281089	94453	119928891	86643	120435316	81894	120984948	86997	121428792	80575	121901141	101533	122265852	60745	122761205	63669	123255821	71981	123672546	70246	124172677	82404	124606677	81460	125342078	66271	125791759	79762	126166292	90070	126742655	64521	127234993	86754	127879142	70428	128285346	72000	128774651	89372	129292464	83353	129746198	79214	130139007	98444	130727503	98994	131257429	79632	131618262	74787	132193801	88862	132730124	67231	133347818	115753	133864367	89377	134264288	91574	
171383	143672	621809	136076	942392	136058	1281509	123340	1661107	85711	1945220	128443	2239915	150845	2605673	135371	3041709	146328	3428792	130502	3893621	130281	4289844	132664	4670608	165320	5055180	98591	5319362	139738	5669767	119575	5940716	106473	6299868	103553	6765830	133329	7193846	88065	7564955	139592	7915790	134488	8289654	86166	8608607	186345	9047135	118765	9482565	140091	9950730	160936	10352561	121295	10732957	144862	11117423	113975	11317646	150251	11703933	126975	12146300	123654	12602700	84893	12924242	132894	13333446	128574	13733099	127723	14020457	130305	14457063	105313	14788232	85878	15029057	106954	15323181	76104	15600980	86524	15905263	123137	16264337	140787	16571644	152730	16957783	134182	17176423	141631	17592435	133898	17883397	177622	18230599	74048	18486123	107173	18928434	147660	19315263	109886	19680054	144141	20009569	93079	20441166	148157	20894042	75619	21281491	151629	21621479	137797	21953203	140746	22326495	73200	22635476	144690	22978672	118816	23406199	137171	23813020	146843	24229571	117329	24672063	152151	25138249	115349	25415060	143186	25831720	105873	26260387	133088	26755564	148263	27241307	126876	27610684	87232	27982502	135668	28320010	113330	28712102	138117	29119274	92290	29425304	112475	29749546	149543	30172524	121630	30542050	105581	30898352	105285	31237167	87897	31503520	153084	31937422	96405	32194474	100817	32622487	103798	32868009	100598	33166558	82640	33437994	130483	33846829	114509	34208836	119713	34569724	112673	34889511	141473	35250457	91264	35594164	136110	36005441	137958	36414321	146736	36777813	83901	37161248	143514	37555857	116351	37913892	173928	38361227	133639	38693428	86683	38955823	149485	39313392	77601	39596582	141034	39999093	87876	40300789	140820	40627230	122434	40902252	124623	41185202	93103	41495275	148203	41925420	125788	42325004	149284	42713060	98845	43055092	118273	43337871	156492	43764538	125418	44138521	141883	44509373	124553	44805710	91443	45128402	109226	45476812	129185	45840672	118393	46189802	129899	46608407	63640	46874002	145300	47241930	143401	47591402	135300	47997161	156469	48366692	159887	48852177	118816	49255795	142111	49658799	146425	50067200	91499	50426476	155452	50728838	86778	51100026	172733	51557306	124559	51942006	115437	52342490	160026	52725982	112453	53151021	159332	53535059	181615	53888457	92054	54268163	113791	54600219	124124	54929422	119416	55276065	97807	55731588	148239	56148994	99291	56423261	149633	56852982	104093	57154388	123187	57499440	133593	57819661	151551	58237546	108395	58556529	144361	59025962	148875	59440847	123086	59837928	139173	60187412	140935	60596799	123567	60993775	118110	61316673	93227	61663784	107649	62033380	132411	62413196	166748	62795230	86071	63099954	84175	63404889	113506	63752681	124679	64088520	111410	64491409	135269	64825656	106804	65264427	131600	65648577	122559	66030947	74986	66338233	132314	66720217	119219	67039032	126630	67441079	130381	67825047	147095	68181781	104812	68465994	90497	68755518	110495	69081060	118545	69503306	138613	69898117	103905	70254758	130394	70572346	137033	70881841	137140	71262125	95156	71653364	136372	72050446	119491	72456490	129994	72747394	86425	73017511	93445	73405330	128912	73680299	91173	74066893	103202	74449079	152355	74845554	68155	75097859	104187	75492119	121697	75842543	88390	76129068	115757	76484825	107777	76849595	153287	77190567	120853	77637492	100450	77986490	95424	78356619	157404	78724610	159298	79126308	165455	79591009	96806	79966508	135517	80295008	106362	80677410	123730	80982498	159414	81333586	175851	81739632	77448	82048527	122621	82465415	131813	82795914	105831	83181062	75624	83558191	137784	83954655	137316	84378698	117315	84814124	81015	85062803	109839	85368254	106790	85736168	102386	86087317	140651	86431838	133456	86817302	88239	87234130	163791	87687483	124735	88109827	122044	88441762	96362	88828821	116537	89241471	103927	89598635	168457	89993256	126996	90392136	126796	90842428	139294	91183575	116064	91591446	123057	92077294	130841	92432539	108242	92756117	152237	93030749	135207	93496348	120382	93912924	92518	94295785	164759	94768725	119527	95122511	116896	95579856	147165	95971666	99969	96245184	124291	96571009	168174	97050962	162125	97405263	150424	97853134	139484	98228938	156254	98619319	90008	98988278	126949	99337255	101658	99764479	109328	100104918	132549	100520097	119299	100925688	103854	101264907	133625	101672510	81133	101992557	122948	102343126	141032	102735697	142172	103054418	142714	103496873	108849	103863738	100596	104174946	83984	104520980	109149	104869513	132495	105253154	91185	105616716	144988	106098402	116499	106409335	142654	106772001	74755	107171735	85015	107495957	100346	107922116	83398	108208378	142003	108617261	127891	108970356	103926	109382085	100090	109749688	103342	110102917	135533	110465749	116675	110878071	115162	111265427	101915	111707424	145810	112029504	154699	112363250	108953	112814026	116978	113277599	93368	113595754	125746	113950958	124041	114299565	119789	114632496	152845	115050028	99300	115374700	144670	115739291	143395	116110017	107709	116507229	113870	116870205	102899	117169315	128792	117396001	81757	117745982	130422	118132380	111879	118532439	100464	118819670	135343	119190672	141606	119601288	130858	119894768	85705	120217648	160895	120590183	111226	121000361	83298	121406085	125845	121743963	152785	122112784	127280	122423068	118767	122711858	139505	123081806	130520	123456299	169906	123887378	103263	124278012	107942	124616071	86096	125068168	128731	125432546	122292	125760688	119667	126038394	143432	126420782	150417	126824659	155057	127131281	136083	127530291	99979	127881759	77749	128211394	120030	128537699	150961	128923083	144339	129268851	117628	129670316	145395	130104697	123235	130448498	142105	130852164	119213	131252489	95429	131628986	144104	131942058	134123	132412771	99624	132774898	118378	133100271	148923	133527358	145659	133851449	130568	134137585	125608	
46706	95732	478139	70182	899505	82460	1267773	46304	1588930	86182	2028779	77234	2396340	70158	2798868	84933	3223232	76180	3691770	87189	4099490	104598	4531373	60300	4784193	62568	5208947	74794	5738521	102938	6058577	57221	6431688	95873	6829663	73185	7350480	92510	7906659	62053	8267465	84585	8669007	72696	8944766	107085	9418291	44546	9982870	67820	10359855	95533	10729376	86298	11195505	95607	11749185	65989	12253789	113169	12678985	93187	13205378	90502	13683962	39875	14069947	71544	14405398	121962	14793579	75650	15220863	87520	15696663	116710	16053188	41588	16336504	78534	16735500	92733	17197355	58416	17534865	123634	18142293	97758	18460791	65727	18822778	98902	19226401	62829	19640796	69653	20108352	83423	20502079	107262	21077086	90984	21563739	103623	21947230	68151	22328045	116194	22772169	76023	23243633	111792	23698007	93762	24096421	59026	24398130	85739	24941567	93301	25397998	95935	25770489	64933	26276246	96547	26721802	90401	27280497	91195	27761130	40010	28103868	84788	28631783	114121	29133454	92896	29592083	66106	30033153	80335	30439263	87783	30955307	113686	31526528	92183	31956947	78156	32216938	95882	32569441	74395	32972436	70927	33368548	105591	33710399	66834	34079387	82602	34427067	76788	34832403	80585	35186988	104278	35599663	120610	35989706	67429	36548086	56649	36993865	70632	37496307	89378	37960240	62289	38419238	69604	38777280	80321	39298142	64721	39806065	81522	40288160	61939	40714600	85346	41234432	76217	41758313	72982	42194938	77741	42729111	82315	43202605	61952	43577570	64254	43979987	73544	44546244	105319	45070176	75585	45394894	81937	45814429	90638	46287430	48465	46665910	90355	47047136	65184	47464961	109033	47906679	105217	48315025	87550	48782278	102341	49223025	59169	49623859	95015	49904570	53634	50231259	104561	50787577	94824	51153765	60123	51584221	97585	51928958	84483	52350013	87144	52724651	72082	53056654	80652	53452894	78551	53851582	66175	54294806	72805	54672817	100594	55112199	70792	55476761	76840	55891685	100477	56305895	88688	56703688	85959	57137728	122991	57490534	89311	57878174	97376	58281747	79374	58720962	108658	59188245	102617	59597774	87881	60082105	81351	60449820	86043	60901058	120159	61359992	74241	61785876	66535	62225746	63834	62692630	64085	63107593	96764	63460487	91955	63869935	76949	64246890	50122	64677184	87229	65071651	62879	65423019	65458	65880470	92619	66315228	100531	66757728	92498	67311101	125649	67705138	76420	68147111	85148	68703376	93494	69116825	102339	69508914	58806	69987727	73196	70392879	62611	70668364	103443	71118369	60971	71457901	70466	71901601	60182	72195156	122794	72618944	66224	73085417	90731	73608870	84031	74092745	84696	74531884	69398	74871813	74134	75131667	66888	75553484	84981	75883605	85930	76290808	101796	76747509	89352	77143318	130487	77604378	95397	78171219	90854	78607848	80288	78907997	93425	79299494	51419	79744499	97775	80215232	77744	80658305	64401	81002533	74060	81439470	67041	81807321	83958	82188847	109704	82671369	84242	83070313	115899	83637494	111352	84082736	68147	84461406	83034	84824633	65541	85212769	97913	85624867	93895	86098455	105599	86584737	96830	87022180	64615	87415949	58441	87818893	100018	88164192	46222	88506686	82721	89053221	81405	89493488	114480	89960846	81195	90320316	59189	90740394	88150	91143837	84960	91655182	101985	92139489	66099	92484120	93303	92875787	76978	93329518	78216	93721787	95164	94233429	75800	94658139	99391	94972649	69105	95390378	98070	95875219	95649	96260795	65609	96648128	92490	97095308	80572	97513561	68698	97886046	86700	98246756	101025	98582603	75275	98994473	94656	99497869	54878	99989370	65034	100352583	93293	100725476	65190	101218873	79078	101574649	65907	102023222	82729	102483751	65350	102991275	90384	103472824	113467	103903802	80799	104221245	57690	104639255	65465	104961591	92725	105374533	86788	105758365	72899	106141541	69751	106457547	92016	107045610	81551	107352408	108480	107811118	68837	108183032	92959	108587100	65210	109095927	99076	109605033	88302	110127465	65165	110514750	75859	111006988	91211	111498038	87999	111931858	102094	112379207	104619	112698166	79289	113174858	71727	113437141	81532	113866357	70957	114199711	71886	114618556	89175	115096452	77165	115428521	83435	115831341	68759	116210365	51879	116603299	87796	116939701	78203	117369528	55762	117816879	86695	118230303	52501	118697714	85627	119160752	66247	119697093	101455	120124249	95469	120440271	62638	120859414	99859	121302131	86170	121810911	91145	122199684	100615	122687387	104854	123008633	61850	123387108	88204	123928919	100039	124451356	77545	124932943	58922	125254835	91756	125699888	82424	126209704	68575	126708786	74945	127043908	82880	127507064	109650	127937652	99942	128541954	88798	129000952	49041	129299165	73619	129700194	97618	130110822	92289	130494779	62395	130918009	70184	131338599	52264	131720423	78058	132015201	87067	132388539	90557	132744730	73977	133194139	58561	133545069	135577	133924331	48250	134289864	89698	
