50	10	3	10	271672151.59021	9797.2452
20874	2976	61863	100135	69954	89530	79506	67628	3457	94483	
24632	32255	16625	43746	83366	63151	72836	48686	32276	37258	
92063	56710	88471	65161	57058	88164	121723	29825	2852	9917	
13198	33954	78827	51303	4225	31025	7789	106985	49071	14628	
41725	47332	8123	47757	38040	30513	79582	20799	95743	62978	
113487	58377	3499	3444	39807	21858	19885	59307	23191	26888	
91478	74346	55633	49261	36734	32280	65796	28770	39141	3553	
87268	105367	67249	38202	79547	49121	73101	14445	88496	15636	
58947	44124	64955	28587	40663	74689	32965	72818	69182	33622	
91557	6112	47333	68581	26157	144720	30208	26254	84591	6730	
17264	55252	7663	68355	46515	69733	7598	23225	19766	9577	
51185	50775	38156	13374	61696	57679	39039	91350	108342	97419	
23315	78125	61482	1535	45404	102785	68747	109951	72508	18551	
50061	45475	58057	75515	15007	5392	49572	52061	84758	80539	
50512	65055	55656	45529	18707	101799	118494	12035	84261	47701	
136430	57808	44157	30863	87083	6523	48947	28221	82405	9114	
115449	36608	79862	99193	115631	5073	55143	83523	7807	30243	
46576	11442	83029	12176	85322	54191	22951	26037	16853	5568	
25081	34144	64378	76195	18303	6956	114313	20195	1164	118849	
112371	77841	6782	34691	47689	85136	23595	87127	25066	63045	
91970	24662	19484	29016	39472	33884	49534	41002	70220	105960	
77374	91889	29809	83598	41230	49939	78424	56073	119344	41233	
54457	17640	59116	6549	76671	70815	8519	42178	54650	71673	
89191	56791	55352	58303	11559	14829	67461	105328	65012	59721	
5956	39669	61916	110318	20735	38758	980	65975	72153	16574	
22822	70809	42733	2919	50315	138898	52643	41963	67215	84880	
43403	80851	17397	50111	75413	91647	55979	37292	36894	19128	
77567	4133	9640	71101	44376	32416	62748	40828	62809	74420	
23138	26230	7177	1744	111127	52085	35737	47332	72519	23289	
56436	20901	103769	31585	66101	26562	77851	998	79856	50160	
8263	38907	41570	51367	77306	31841	673	96246	54303	106507	
87116	55451	27126	44719	23501	8327	53237	53946	65786	41243	
75681	12914	98821	20134	30454	12509	81688	2540	66186	38838	
9021	21332	49443	98614	3625	114351	80159	30571	25403	11268	
25695	67977	23803	43022	73548	35262	11420	91670	68912	105301	
33454	44934	8942	51842	25279	32893	76547	110962	10610	66211	
92128	65067	31357	40232	41232	12956	103994	24681	37288	10784	
13370	29979	74349	57271	33862	58446	13995	80363	88272	2665	
92036	40038	10266	9117	22070	19635	111706	26077	71610	43454	
35511	33162	8127	48675	46910	80829	82925	27638	37146	4430	
13655	44339	77913	26648	25100	80391	2160	27389	5979	86357	
31173	19620	6357	19349	12164	45804	7419	98226	27398	54821	
72268	35517	42462	48213	102591	32860	10977	43474	46400	22660	
77509	35314	90534	10643	11744	13001	30166	18610	22256	17329	
109814	50954	33230	3069	36853	20001	56549	61425	76807	70079	
41753	57005	49178	46891	105128	94488	82635	64114	35053	53440	
27548	74074	26107	36563	66828	20041	50383	2983	51080	25075	
7920	26442	49438	54540	57221	6548	7684	69495	55695	15561	
60370	44674	120206	92904	52952	27385	22023	58471	81511	42679	
33255	22585	73106	74679	60646	64604	44232	129415	8130	62219	
108911	76815	664911	77251	1076734	43238	1576152	63424	2068436	52043	2663112	49198	3282119	71697	3820930	40555	4395913	71133	4969007	58557	5340780	43513	5809603	68137	6333344	56631	6679282	49844	7139735	68783	7591626	76172	8106209	74758	8594244	52432	9031495	58349	9626639	68284	10067099	63650	10520509	66985	11095915	63446	11486021	65085	12104145	64939	12603291	94285	13222368	66516	13689015	67343	14196955	64024	14675359	51281	15147705	49246	15760149	78694	16395074	49810	16831032	68890	17227292	56851	17670685	66820	18271396	85304	18800018	52875	19349996	55070	20048553	62110	20500947	54396	20973047	52254	21450599	45094	21919386	65953	22441514	48097	23000305	70808	23489065	48205	24035922	37560	24574374	55946	25120741	71575	25625575	75554	26055551	67250	26550914	52055	27116061	63813	27811618	63776	28195174	50653	28708169	70312	29194502	60384	29686393	59076	30228138	54271	30769815	57617	31297873	54675	31920594	37890	32399801	61722	32960564	65705	33370423	77742	33812568	60297	34299059	57157	34693277	67952	35309111	72146	35858280	70684	36240069	31393	36760044	59077	37337119	72032	37965110	84617	38575954	77426	39097571	55051	39597949	60230	40107224	61046	40480502	65853	40955901	78818	41432043	33558	41819758	67563	42354354	26209	42943089	57589	43409994	57486	43740491	53942	44312700	55740	44783088	68784	45230761	79735	45782940	70359	46171848	72294	46682970	60569	47249426	52169	47712453	68616	48167406	83312	48848017	53261	49294377	48968	49864482	58599	50595441	50684	51048068	49814	51454096	45906	51982301	58965	52537378	38918	53083614	53885	53600064	93054	54241897	65319	54753368	71284	55297152	57720	55839416	64653	56341497	58761	56861620	42961	57338244	62146	57748480	52139	58284279	55636	58628948	82360	59363206	63666	59998289	74739	60493963	44157	60776146	54412	61307899	65169	61864455	50911	62159173	49753	62630434	55642	63029677	51697	63392299	83287	63844357	51926	64444103	66341	65059392	70028	65598647	58927	65880221	62752	66416508	55821	66893766	65764	67385410	63261	67870601	86650	68371941	72671	68878946	84279	69367561	48461	69657731	45627	70108830	53059	70426620	54784	70847767	68463	71414688	40818	71912914	70674	72333793	45846	72875154	70853	73454877	65446	73983412	73365	74473509	60122	74876306	40149	75314749	65026	75900393	87199	76222833	63562	76513434	77576	76949464	47619	77353811	64205	77944918	80587	78535185	62349	79201198	30292	79608237	56993	80233455	65552	80542585	69070	81050920	75298	81509850	61474	82207986	56503	82750194	64748	83398853	63248	83942369	52671	84413883	69565	84933215	67602	85283589	68675	85697062	59240	86157797	94206	86655899	66274	87062090	65128	87619126	60496	88180056	57831	88696420	68551	89143131	50166	89736777	64114	90258257	60350	90937128	57551	91544642	50198	92044935	65403	92477369	62050	92863562	78223	93416889	50379	93902648	49829	94482826	83753	94914302	77786	95406048	68466	95980846	68497	96351970	66401	96839296	56338	97256255	77225	97990848	69930	98400049	73296	98941447	56127	99403462	46627	99884649	59311	100396170	70638	101044300	58487	101497576	82852	102000530	53353	102563812	55060	103187962	61692	103652168	75467	104149891	44007	104601392	67121	105102379	59647	105572153	34520	106077110	73242	106627303	63218	107086274	54832	107586170	59554	108032960	72591	108556135	66776	108871540	67813	109396858	53734	109907064	34310	110288300	55234	110816224	37602	111313524	42553	111764890	53329	112187929	73903	112887337	59323	113392452	49104	113936945	49833	114388499	62604	114947116	62653	115505087	62054	115923109	83963	116493532	58547	117000104	76303	117519114	58431	118103471	69184	118565870	60109	119148634	70203	119779340	63404	120278089	70956	120704672	43662	121230982	74187	121783153	59581	122220988	52579	122687676	76884	123197930	63541	123761841	52347	124148400	32890	124569783	63291	125189995	49027	125605779	52574	126266023	66224	126757992	70421	127140666	52626	127581110	58508	128088529	57441	128784914	45297	129271726	61979	129768646	52589	130297049	67593	130793583	43626	131175627	70352	131588533	81193	132247079	58072	132731027	60704	133246348	64498	133637428	94742	134098889	62723	134866497	73377	135175351	58152	135614451	47801	136123380	57447	
142246	84801	572514	80985	1084481	85233	1493160	81837	2111574	73086	2689180	95874	3225402	79542	3774267	86886	4256813	73565	4835168	87822	5380112	87843	5931612	80619	6547884	102135	7176744	43589	7638004	93284	8173262	88032	8579673	73275	9204715	83239	9812410	78483	10456256	79788	11083327	81081	11652775	77966	12179071	78055	12698853	62075	13181572	85800	13891322	82420	14402983	74662	14922771	63689	15345025	78168	15935045	33300	16447236	79872	16931120	113308	17497291	83107	18223990	92942	18654249	91161	19113359	72502	19700265	55579	20334114	87886	20950402	91093	21527378	84255	22064813	55310	22420153	68294	22965289	106533	23558518	42420	24256311	55074	24866556	102115	25281374	103009	25911277	55671	26526167	41495	27040943	62592	27656381	91213	28182707	86177	28965935	83317	29585322	66931	29973542	82381	30406920	57834	30923432	92989	31501926	49589	32124748	61480	32581425	89931	33283694	92005	33939473	95339	34465797	69067	34893223	65663	35639010	89262	36262204	63997	36718517	76075	37089866	92712	37592264	93928	38121235	102913	38749004	85206	39320252	84589	39909570	58835	40369305	32277	40745495	67853	41181006	88127	41787803	77753	42298779	100598	42664001	50038	43273154	57420	43731665	58680	44059818	73674	44677881	63680	45207626	80460	45810205	81866	46282847	85979	46791697	109362	47240893	105965	47901894	92686	48587299	94075	48876417	89756	49464643	80757	50027433	86254	50817624	90920	51441459	95796	52079159	51996	52511983	90616	53212727	69414	53852984	101067	54552762	93744	55225584	99395	55765069	105665	56345694	56714	56893572	90139	57500423	40050	57840541	65810	58385739	93510	59114116	88435	59816874	42559	60307472	76501	60970169	95283	61527199	63608	61967557	54594	62601604	66833	63035591	97526	63609444	80570	64114402	44647	64794506	55637	65322757	52165	65808715	87421	66364771	98191	66906082	84625	67618846	71907	68222838	80061	68691550	58504	69128620	61144	69645515	85456	70322401	80662	71007764	68905	71393633	83843	71910267	85343	72324077	92460	72846040	104271	73389592	70306	73857735	70316	74488335	82526	74941257	88832	75592851	103353	76099032	80689	76670780	75033	77254950	67935	77917629	61325	78228527	81460	78928864	96523	79587742	89258	80191767	95155	80548644	82022	81276025	51850	81737193	93315	82144584	105203	82880437	80840	83255867	87023	83865952	92084	84378460	85440	85010802	93010	85447756	90151	85859067	97716	86473564	77599	86999245	88266	87615853	81350	88035432	86426	88499425	74785	88991920	77838	89511239	74320	90046633	47500	90609077	91258	91024339	70983	91504229	114894	92148117	83890	92501949	86367	93066719	64017	93750938	79392	94240400	82716	94826585	87105	95457863	85222	96124109	63426	96823005	103046	97522409	88398	98207352	98406	98754604	66111	99340328	75373	99853153	48478	100438723	88956	100933161	75028	101515169	84939	101966781	66813	102432201	77948	102971793	52673	103441018	94517	103939442	102138	104454580	91031	105161816	72091	105828778	75551	106316488	62738	106793469	92355	107461753	76930	108140005	71384	108654791	68286	109218233	93419	109675063	72532	110194762	58940	110718482	68639	111357651	72973	111858458	71305	112406511	80833	112926836	91955	113596789	79509	114147193	69509	114689690	45120	115290877	80789	115840899	100864	116527798	105015	117159250	83029	117685488	102427	118176089	91614	118862418	72398	119324537	98540	119931928	91077	120442323	77351	121131461	72102	121652691	79880	122055552	96985	122520139	91029	123057889	63645	123394665	86041	123828755	78894	124447270	61893	125063348	97397	125640430	110177	126246887	55544	126671389	76143	127317211	102418	127699058	86903	128249285	53213	128747619	98548	129467232	83313	130089547	83595	130605963	68716	131074217	63997	131515140	76808	132012178	85287	132584701	71143	133053750	62687	133576878	66510	134140748	84058	134621011	66209	135153309	90345	135463938	88199	136053910	61290	136635326	59240	
141171	171202	699154	88336	1263485	73558	1761304	159619	2378583	125047	3085996	125096	3663800	172474	4097608	171137	4640902	125264	5087443	156149	5603096	150976	6038338	161196	6643807	167862	7150096	108851	7560499	168938	8149089	149104	8711168	96726	9147791	127120	9602015	153188	10335045	118218	10899169	143958	11495696	104478	11987959	131325	12398059	151759	12905491	123451	13385589	117858	13991484	128393	14581713	138382	15056615	150483	15512793	132921	16067544	118806	16631118	173282	17254501	148657	17758240	135374	18229168	105030	18804239	176858	19309524	181075	19908277	75942	20449791	123581	21039189	184704	21646911	165383	22198252	152618	22754366	182788	23398670	119992	23950224	118589	24345067	148569	24740989	89682	25306812	190276	25897468	87388	26342824	146087	26869685	128256	27412182	180682	28110754	106551	28511595	132215	28848814	137176	29409988	83466	29816710	87127	30260000	171317	30786220	182697	31356162	144059	31792255	161296	32364921	157586	33126499	157300	33498433	173872	34086863	103960	34528530	103842	35102201	138737	35636621	122107	36235796	165197	36935125	129325	37462574	156720	38069003	104912	38617623	159035	39145378	125700	39667506	115338	40331318	162995	40833041	181683	41492536	141393	42092562	194089	42718693	153736	43133936	133627	43723039	157099	44372168	156226	44895504	150229	45527101	172828	45961744	125639	46555052	148815	47018236	152701	47578823	150627	47955861	122237	48364434	174438	48825295	136082	49205319	120467	49791680	105425	50239493	154894	50823094	161272	51425182	106439	51804191	160593	52327466	111951	52777537	153911	53174135	109426	53666104	109984	54272389	100431	54646906	176862	55179535	175285	55621342	157002	56256184	118804	56687717	141245	57232039	149673	57906983	176604	58496878	171657	59038395	133926	59529496	131829	60115247	179463	60646737	142210	61051904	181262	61727063	152295	62226085	135593	62888069	139689	63450332	91022	63961908	108174	64481963	103781	64977595	145941	65481159	121406	65992548	139385	66685955	155658	67165141	158959	67619501	99105	68141549	142077	68604332	179408	69112947	180808	69815717	118449	70330936	101466	70868612	121944	71333349	112966	71817086	153706	72300738	147982	72866581	143472	73282459	134227	73921476	140429	74492541	128879	74916755	121007	75344690	115813	75803058	153340	76358517	85758	77037745	163871	77606670	166342	78229827	170014	78783227	138268	79200266	139129	79710673	179219	80353951	58542	80838379	108156	81228669	154743	81775379	74786	82172723	123597	82660120	142520	83235466	174983	83806481	118815	84349526	179349	84972498	100831	85345006	112931	85822510	161120	86467115	164994	87100572	119796	87696266	111894	88257016	151759	88732140	96453	89236309	87367	89706657	68535	90066121	141477	90772165	106174	91403603	144606	92050820	141504	92627086	153160	93046997	165799	93583681	172615	94109837	94002	94515673	143769	94949543	120386	95518119	127416	96070023	74357	96653060	113393	97252942	155731	97791845	138866	98165871	170006	98736607	131250	99225780	123226	99795079	151032	100362282	136377	100827938	162516	101445739	163401	101994415	133066	102413220	163638	102958967	160842	103459989	130281	104034740	182045	104660204	141432	105242633	166039	105781639	168116	106253194	143835	106844556	144042	107395169	159011	107988517	138528	108546519	128254	109061000	160809	109472200	158944	110097004	109519	110607725	126103	111164588	121255	111721145	164775	112282531	98715	112755100	131007	113412643	136394	113939347	185915	114578683	131442	115096636	105390	115587887	140200	116256876	211644	116824939	110696	117287839	146406	117926421	156124	118547649	158102	118957136	109926	119451710	145220	119847727	158487	120324705	129608	120798577	157352	121325403	164024	121952528	144758	122533637	163019	123173261	152456	123673946	123483	124257753	74504	124671156	138670	125209294	169248	125844014	158573	126412155	146812	127114542	109177	127737779	151237	128356951	129731	128938731	127985	129461284	144603	129970393	158745	130504156	120710	131017657	99397	131450537	139484	132045532	116094	132523087	93165	132881130	148693	133313674	150146	133754439	125984	134444954	138068	134933839	129127	135396227	188833	136012700	169121	136635314	126710	
224691	72741	706024	79408	1231761	67052	1550650	68474	2034578	62771	2515416	74831	2984926	60132	3432054	57128	3861026	58735	4285773	67955	4762226	79428	5048735	51867	5523015	82520	5971462	40312	6430615	72452	6863580	86072	7129675	93091	7588693	48263	7959748	42550	8402798	60886	8852575	84541	9381166	49215	9892812	82688	10385941	78460	10817572	76061	11179827	36392	11626144	61697	12218809	52153	12538632	64404	12945191	82695	13455975	91422	13715443	89755	14125286	46730	14529916	64802	14979027	63488	15426777	64060	15795463	69119	16268915	85939	16818139	75093	17153230	78495	17573036	78918	18129116	62205	18625978	57456	19024188	89873	19485299	57266	19785126	49462	20206756	39958	20644547	76618	21084207	59064	21492423	74186	22011326	55166	22483829	69055	22989798	81415	23464024	67364	23863512	68768	24385521	65948	24868950	87191	25227457	77773	25646767	83238	26062950	68394	26531847	80592	27056106	53132	27620839	85032	28153867	78821	28600819	73077	29036382	43232	29600393	66351	30038300	97127	30611124	70183	31018739	94105	31654376	42858	32069749	62416	32359198	62063	32795279	70657	33154400	83147	33623918	82947	34131331	51306	34612185	70333	34997382	61505	35413324	58368	35854470	60030	36181912	63708	36612914	54571	37138147	85119	37659368	60561	38182242	93382	38755496	76953	39158176	60182	39649383	77457	40083054	50876	40565094	80495	41118175	72618	41574728	75449	42013409	71319	42556088	64397	43048825	64215	43600200	49402	43909596	57873	44203510	96078	44693789	70434	45155773	66377	45544787	91262	46022891	63435	46636625	86625	47051793	61553	47467163	66915	47862072	70773	48216852	71349	48571698	57005	48849161	91120	49335772	46672	49618414	46798	50093282	42947	50609437	77584	51173400	53625	51647124	70344	52079672	83508	52504044	77954	53068097	87889	53529202	67269	53862230	74835	54124207	80920	54617539	51625	54938890	80798	55420914	71347	55870446	62305	56251240	60675	56663073	43971	57086430	70810	57468726	81210	57991480	59589	58359885	68384	58875605	69976	59354197	74568	59872664	66130	60288721	82590	60854281	65305	61292522	89448	61778889	64207	62260445	73269	62790825	93888	63303214	64959	63623708	73464	64025252	54028	64527497	57954	64973540	44843	65527640	65710	66025428	70497	66374862	56971	66933130	94069	67498224	71559	68069269	81106	68575331	85679	69129941	58875	69579126	73342	69998362	71131	70538667	69952	70991160	69166	71360680	43200	71748151	53803	72169777	85179	72717252	66459	73254670	54568	73831434	68205	74224895	67309	74603713	63566	75163710	72036	75494610	70191	75918867	86971	76470599	81073	76932624	70070	77375799	88951	77709844	78090	78257633	90052	78805694	47534	79196810	73821	79601197	69483	79982188	74356	80517552	101361	80939020	68072	81293422	81539	81683389	65627	82133594	66460	82684024	42357	83096179	93708	83622977	64617	84006115	69860	84492392	87353	84984466	53118	85518218	68554	85932187	69210	86379955	99603	86682336	101172	87189784	70165	87729932	32593	88227857	54144	88707014	68966	89209500	72189	89681738	73003	90217262	98269	90777666	50539	91202199	65216	91698888	70663	92279641	69795	92734139	33276	93211145	77206	93676358	74486	94085590	50813	94432942	67926	94964778	62421	95379605	51961	95905638	76442	96332647	89525	96781839	81813	97048695	56903	97541659	82050	97912639	106699	98429978	77049	98857221	69508	99284359	58877	99716525	71221	100137939	70482	100629525	82667	101087391	78189	101499452	53240	101839815	66550	102466836	46746	102882841	77008	103439482	88194	103916297	66942	104361664	73107	104897243	93303	105531661	68393	105848372	73106	106266022	72671	106753210	52645	107102077	90414	107662149	75332	108178365	82682	108632803	37502	108951305	57194	109434044	84928	110100727	81402	110699350	89247	111169171	64981	111596082	75256	112052093	63335	112565749	71595	113076592	84709	113467898	57545	113913838	56095	114276600	71219	114726742	54163	115158352	96914	115744314	65095	116242962	84630	116790576	86312	117361852	91715	117856894	70436	118215891	81739	118581432	89987	118970240	72444	119394974	70203	119844996	63190	120260296	89397	120699121	46597	121360676	89956	121899566	67082	122315192	70497	122744032	90593	123147090	75736	123510737	60484	123938415	72462	124305176	90437	124900343	61676	125364192	65803	125910294	45992	126416450	97449	126760584	73941	127210344	89236	127666262	82413	128151992	71867	128633873	90216	129180565	63330	129541919	53294	130022271	75462	130346152	64741	130926015	74680	131356722	57512	131600564	80604	132154237	75221	132659193	50129	133217881	67565	133746358	91091	134116801	75487	134465570	82891	134871040	48279	135277142	43660	135710831	68180	136174512	92549	136651080	85442	
0	33518	553598	99785	1519948	159657	2132698	162646	3141233	100472	3733809	142875	4607376	104971	5510233	131712	6335193	158105	6962748	132026	7855009	114227	8735195	110329	9442713	77373	10213801	144448	10983208	112979	11950990	176856	12927198	134043	13711796	124536	14334337	140225	15343405	153507	16299672	131039	16826870	138160	17584220	123429	18612022	146655	19477507	137334	20326149	171118	21274441	165679	22136550	136546	23063045	127714	23555863	152056	24115227	149155	25154783	138100	25877808	180032	26798220	183413	27811600	129894	28741361	116344	29753429	161998	30489776	122605	31594373	146357	32551204	130117	32987463	113615	33992859	227462	35076411	158437	35957940	115524	36899014	140890	37950804	125683	38720716	115273	39383090	141246	40461122	185574	41357696	117638	41971332	104491	42875272	137759	43600813	138688	44483344	143358	45219719	117924	45959906	139469	46909182	142811	47651653	143977	48583307	120784	49416731	123236	50247361	107445	51228022	135252	52101472	153904	52834189	166703	53516527	95849	54375405	185214	55378410	110771	56022133	130417	56772550	142103	57756752	101153	58277877	142036	59115951	157707	59951979	118582	60890587	111656	61584221	106205	62518667	129089	63411637	157821	64353835	128921	64895416	153421	65598932	111719	66524320	188475	67328397	149626	68085410	127891	69004709	111296	69922425	154225	70824332	150213	71823518	124051	72588026	109258	73651941	146573	74467044	102817	74985259	111849	75842437	160310	76640525	135846	77282949	142086	78027035	124274	78637621	99845	79659352	147041	80688018	103226	81418020	151037	82068582	165169	82919204	132245	84040064	129858	84813698	151305	85505174	117672	86117850	172709	87114148	136262	88039519	169784	88838573	162786	89550053	100682	90439924	181148	91325711	105120	91986047	163093	92836347	115085	93668982	175196	94671113	137236	95429756	104984	96144572	101503	96771318	146280	97659893	126495	98417453	103772	99146275	151921	100077327	154519	101012569	125203	101964076	111534	102834724	104674	103682893	141518	104679706	120609	105569779	131992	106417314	119101	107312580	172204	108266853	88351	109228364	144323	110228461	133105	111158420	124035	111997259	85169	112835822	79272	113487878	191947	114406783	147828	115237043	121889	115769411	126664	116665618	191564	117471622	170012	118228071	89361	119052203	100768	119859939	66414	120432506	113193	121391776	133111	122333361	151533	123230020	168614	124114447	106690	124915550	136036	125811943	120849	126574628	110298	127384014	192605	128360371	133555	129277714	149186	130230191	142332	131194407	146642	131966366	93370	132913671	144063	133688161	105454	134674140	124978	135388609	155745	136407261	89223	
113105	54417	556454	71253	1039417	71181	1546219	70138	2016137	45737	2530603	52715	2975254	70701	3326563	62177	3830474	59058	4406924	64267	4813860	61328	5244835	49581	5702535	80051	6134043	56698	6563645	37461	7034262	36341	7462412	59045	7895274	41210	8374216	61690	8693538	51043	9090439	58253	9402471	56726	9724241	63210	10116898	57807	10578951	51821	10962305	51352	11390447	45538	11856120	41031	12213241	59729	12761488	47992	13087244	82793	13604913	65648	13993523	81830	14342913	57267	14845306	71095	15364757	56947	15833754	56000	16235789	60497	16637040	45501	17096234	53463	17534375	53724	17945251	44163	18476377	74302	19015062	63616	19457221	59410	19878393	67136	20360399	58587	20766805	75304	21226990	61588	21613867	56781	22085655	66901	22554751	81735	22985403	32951	23345837	49490	23497038	57811	23930109	62494	24409367	60578	24896121	64532	25408992	57053	25696157	64154	26080134	83736	26532824	69175	26913769	47841	27333768	60304	27755539	47294	28201543	69805	28724743	66895	29175850	59906	29559121	62609	29916222	47648	30287585	45254	30891864	53584	31281682	25882	31636152	54972	32031259	50148	32378590	69463	32949308	50845	33451582	62590	33972416	55010	34229286	42237	34639619	64399	35207192	52040	35669302	66811	36210304	34703	36774181	89704	37219522	44944	37534595	46424	38024732	55491	38274552	64814	38713322	57238	39149553	69237	39613174	65512	39963579	67081	40388905	66482	40909984	67594	41328642	51454	41757163	49659	42082239	71067	42640583	40895	42908171	56866	43387674	22534	43842238	40960	44375996	62037	44857270	51888	45336749	74276	45710738	68882	46110429	62480	46591413	59082	46991375	57418	47387598	51351	47856180	68892	48285827	45711	48603679	47572	49099904	43864	49634235	84254	50071206	58594	50435954	74132	50912960	55978	51429527	60004	51906012	35762	52441014	57070	52806711	54785	53209027	50047	53699971	60504	54072200	45543	54510658	45052	55035536	56107	55399615	64198	55750988	68755	56141551	51487	56647013	56326	57088395	53782	57527903	72644	58085613	61168	58707175	54204	59183232	60020	59617723	48949	60009829	48690	60304911	63678	60742408	40229	61158023	49882	61695319	73140	62074141	47603	62394745	48327	62834392	47459	63347319	39693	63877914	51799	64364700	61670	64770450	54405	65158978	55368	65641996	52677	66026173	50244	66558248	48443	66935390	61119	67180196	57850	67591913	74723	68094406	58891	68569037	54146	69027437	85334	69524342	63533	69977958	66758	70390014	45931	70808809	54447	71231141	59635	71701907	60166	72123300	76457	72487845	68011	72965830	53118	73446933	81096	73921645	45859	74365258	63909	74868617	39072	75440908	54696	75906148	77814	76405746	48147	76730011	56175	77229958	39189	77554521	52020	77912794	68330	78269183	73028	78865105	53131	79216852	62840	79573602	59569	79999567	46091	80290837	37553	80694300	35773	81023449	40535	81367978	46473	81663430	60883	82187788	69009	82661563	59386	83086437	59899	83475079	70205	83934223	65256	84322616	83955	84841844	64870	85268646	49453	85712640	64846	86274914	62328	86646514	70766	87241524	62003	87573204	37282	88094009	82131	88640262	43050	89060086	73152	89482073	49704	89816700	51270	90377670	66924	90853632	58599	91238662	55611	91695834	59226	92090236	59537	92509379	71823	92882552	59117	93418715	70833	93875810	52334	94226839	56452	94633126	41148	95095586	70789	95518639	48911	95961278	42521	96460969	56841	96837377	67750	97161581	52112	97653370	58419	98089707	51276	98440842	40637	98949098	47227	99324200	79137	99798957	68866	100244809	63471	100553776	62906	100920311	39477	101278637	61434	101770714	72827	102308616	50769	102684510	65061	103229566	53442	103645284	73995	103948642	69723	104398454	74399	104815967	43809	105120346	60006	105476895	64225	106063779	63100	106416341	52817	106802692	47464	107121097	50727	107478906	73898	107893035	78669	108269348	56069	108786394	43966	109153744	74619	109596416	57610	109998422	60466	110456859	49304	110777379	54826	111157820	34479	111611070	64380	112136028	59452	112552667	60741	112998451	30273	113421579	55936	113788205	65401	114106025	56141	114524632	70428	114804589	64224	115193731	49163	115757874	36869	116164221	46439	116591668	48594	117071830	51993	117431384	45236	117716943	68841	118068793	74684	118561867	42623	118977855	42765	119417989	57086	119860089	44498	120282165	53798	120724419	69801	121184454	41424	121669108	62611	122188316	66043	122627894	48630	123178839	75706	123688963	42765	124151115	64530	124541490	66691	125038542	46733	125442676	64617	125828496	42755	126259167	78178	126644426	47199	127115969	61826	127415450	53299	127821433	68902	128445606	59317	129032518	48378	129357754	36698	129739611	53294	130076969	44851	130504962	44275	131045974	71752	131446578	42898	131832969	56264	132299160	69355	132780552	61423	133229512	71102	133710966	35004	134034546	47604	134413636	42022	134780173	55779	135232814	51121	135679170	56933	136098235	43924	136470979	57029	
418316	115334	1074977	60824	1885526	74298	2593787	95908	3466335	88578	4338226	119543	5022531	78714	5778657	74789	6546789	81090	7237383	59445	7872490	87152	8608409	80341	9475419	77650	10289466	100587	11309369	64957	11968168	110740	12888158	110695	13852442	88472	14468902	72334	15496069	72671	16416963	83706	17373027	109097	18136307	59996	18936931	109162	19516657	109005	20466419	109044	21469001	108486	22403029	71363	23316082	92210	24067039	51259	24952277	68914	25897320	79011	26669033	100939	27703678	97742	28580193	89209	29209279	87638	29907924	76697	30664569	128202	31483126	107401	32218458	69546	33028650	104326	33688238	89757	34525221	118724	35167075	115618	36045250	102173	36986972	86235	37604551	93524	38482834	96779	39081029	85581	39916210	88750	40691737	92892	41385881	106514	41907421	78239	42483839	96772	43531536	105138	44231124	66292	45065394	96041	45528625	102674	46202511	96790	46755200	94584	47532187	82730	48300768	123819	48981792	117086	49618671	67442	50556723	89640	51215222	81533	52020130	88770	52770831	77460	53636621	77129	54681992	89433	55462743	95116	56300241	123620	57295314	122628	58249686	87580	59006282	74643	59819173	118014	60600749	124824	61217597	112476	62207891	72450	63349791	91274	64150303	88398	64843374	93907	65538783	57593	66182200	112970	66923587	96898	67472412	76116	68080112	76854	68856594	115523	69606687	93749	70750862	94515	71601738	113314	72611776	79193	73250520	97797	74111980	88473	74839191	95164	75903503	100579	76551933	70646	77247100	82898	77836690	98231	78528259	93716	79408681	90571	80061681	88821	81155839	81455	82175880	102646	83048195	74307	83731613	70503	84416798	101342	85269462	107839	86215890	121303	87157692	73279	88120010	78483	88767405	121075	89675404	91025	90342145	96710	90994218	102864	91695810	67524	92579136	93668	93540433	104978	94269741	115570	95018713	60014	95777978	105046	96682290	80763	97213728	108158	97862098	61619	98504685	80218	99311735	105870	99956454	68933	100700029	65081	101409054	104695	102330336	103582	103282157	128644	103732328	89701	104636556	115536	105344818	99495	106139992	69509	106852517	73449	107631605	92961	108358594	101804	109141388	73752	109840596	123360	110785185	78263	111632439	88566	112507251	64376	113194191	92689	114020888	62433	114609798	90879	115376561	77504	116175140	80370	116930722	72690	117744343	95844	118577541	71387	119317954	86587	120120615	100399	120940884	90608	121848582	108422	122726051	116174	123411510	91483	124141501	91853	124796803	95315	125751686	114359	126690504	81882	127407585	87373	128109083	85201	129081145	93953	129641932	86250	130101394	71825	130844139	91203	131403732	101908	132133875	71707	133113496	87721	133884231	77719	134305623	59109	135146561	93207	136093607	71839	
467226	91906	993939	72972	1403631	85137	1893088	91897	2365971	90150	2731576	65411	3306059	94302	3823762	70301	4290522	86547	4739602	62186	5229076	93197	5801967	81832	6266165	54063	6654939	85439	7420661	63083	8083679	66581	8629934	87035	9191738	41299	9619070	101557	9986513	62657	10415616	76112	10925007	91166	11451484	67531	11897191	56438	12358250	81628	12887234	74247	13397002	51318	13683497	84379	14244231	107975	14760869	114428	15424797	87927	15902838	77510	16343862	51798	16805812	80744	17390398	104952	17890657	88475	18257437	86023	18742290	58514	19173453	90828	19524191	56575	20042291	73717	20549027	79289	21090495	94393	21497478	104525	22160295	93110	22634109	69546	23001274	90509	23376250	95744	24034099	118741	24616746	73283	25068934	74841	25531747	74205	26048854	123062	26461158	87012	26865196	83541	27327505	84553	27918026	124660	28454702	67923	28994383	62444	29625216	73953	30304260	69481	30699866	49342	31182676	77533	31681790	55922	32199843	86980	32697216	99971	33246153	84144	33695017	90671	34226204	62349	34588689	69622	35186798	74999	35786192	65244	36410091	53278	36885063	85343	37314341	92352	37961962	102623	38651459	72340	39175042	87891	39747548	74508	40210487	76681	40676125	66059	41230228	80143	41879945	91674	42460469	97079	42977894	106441	43470360	87536	43935663	57143	44466841	110978	44967431	71380	45508315	54711	45990788	55842	46578907	52240	47164647	86038	47687845	80737	48160060	80128	48753434	84008	49357665	83186	49792871	63221	50222764	87664	50782432	95286	51530161	91210	51976664	72594	52594270	82139	53019689	74294	53475410	51264	53853634	74945	54308423	47791	54805744	56122	55403343	74956	56045685	114305	56597348	102768	57122844	83447	57541919	57770	58114518	95038	58678114	81805	59053482	55766	59536372	89491	59887139	86829	60410889	105343	60945874	58084	61394053	92606	61868274	59188	62455005	70205	62897782	78469	63347866	73989	63867086	88454	64413459	84131	65012321	62754	65583612	93118	66022964	49053	66423649	78218	66868211	65759	67278514	91707	67620605	75548	68040808	67667	68523529	57400	68945392	99187	69688938	71265	70156768	94777	70810344	76002	71489156	66054	72049909	62722	72587839	96960	73165750	87230	73834079	102535	74523211	92184	74945558	92437	75436644	64238	75889699	97906	76379845	80690	76924965	103939	77450938	58587	77899968	97740	78421135	81881	78947201	91143	79602946	104620	80250811	89546	80791997	71142	81183125	78805	81695181	71660	82299493	94197	82923312	84777	83538985	73499	83874826	96014	84334803	101236	84950363	101287	85454302	95037	86051342	60757	86393839	64169	86941710	85066	87468213	99161	88069429	74763	88631370	71487	89119003	74294	89685652	82530	90282719	67520	90823844	87608	91344427	62635	91808525	96817	92462705	75310	92920296	104433	93540168	77181	94120710	89950	94668447	77478	95083165	85301	95592433	87424	95942527	68707	96384443	68471	96927214	108551	97600488	54776	98254649	78699	98607099	86428	99073117	77363	99690563	74517	100209894	81678	100657739	68286	101285599	87175	101941062	56219	102441712	87773	102943332	84179	103529818	45047	104079254	95046	104674750	47582	105284445	92268	105873658	65688	106455813	89677	106875238	108271	107514385	101704	107957018	82854	108553388	95756	109141794	81532	109611971	75301	110163851	71917	110563535	94599	111084803	79184	111616031	84161	112073486	53383	112497938	52462	113121576	61263	113620112	80063	114193031	77361	114667731	74063	115186030	84388	115700537	88378	116140864	86340	116539757	54872	116972023	82961	117596052	93523	118249311	102954	118715017	90660	119225133	95990	119868394	77685	120272746	86776	120781461	129737	121282416	64548	121761084	88996	122290356	63776	122809081	75837	123343200	85661	123926194	50477	124385176	74807	124950258	71211	125487400	62547	126030277	68833	126585103	80663	127179240	66866	127752027	71733	128136130	58375	128522114	74735	128967157	59142	129326202	75357	129928063	111685	130681181	70536	131064548	66910	131504716	62284	131980071	86494	132711351	57788	133203698	67031	133702051	93705	134205619	77094	134900538	92945	135533210	92901	136067748	75510	136489202	91869	
48466	124400	330928	123556	734019	67122	968110	78241	1336555	111981	1714647	129781	2013851	104570	2356200	123670	2753010	108066	3141071	168575	3489168	100688	3805136	137861	4150782	116793	4657538	149756	5116627	151615	5579937	118231	6067737	114341	6467187	67462	6803299	143511	7230293	96665	7539785	76959	7855613	110060	8238786	152549	8718118	111279	9109750	117025	9483937	138879	9861004	117066	10258004	128761	10655822	128003	11123500	133460	11522114	91038	11735251	117878	12086897	137778	12471877	102694	12841943	105810	13184598	117068	13504596	143184	13809546	88064	14170588	138184	14557342	92820	14868062	156284	15209798	112657	15646964	90332	16033130	167400	16481722	108697	16786263	134994	17189634	132368	17576029	175800	17923326	114664	18326955	93469	18807590	151416	19222905	89954	19607447	142851	19979141	126088	20354794	118394	20705240	160001	21154281	109588	21487769	90431	21825572	151321	22210928	88616	22556369	92516	22871528	148950	23244847	61479	23505022	127109	23925627	124301	24274908	157632	24651373	171815	25040002	143498	25360366	97738	25775302	94419	26106599	118928	26466863	97068	26717782	86014	27111464	135807	27425744	134123	27785219	141618	28177578	125060	28548718	128741	28889298	132887	29221480	116983	29549249	117641	30005624	149154	30411335	148658	30832177	114861	31185627	113684	31608441	152094	32092166	150615	32594137	113787	32909599	102428	33258216	82417	33600703	115136	33968584	81705	34337283	118175	34661995	144328	35066008	88480	35361735	155142	35790505	150524	36229661	129120	36641215	131755	37085204	133206	37419205	102575	37756359	139871	38142700	148280	38479234	98096	38745364	123072	39109133	108429	39470618	59440	39746019	151110	40198455	84173	40618674	125959	41017150	126393	41371516	114473	41730358	75309	42102084	123003	42446741	179487	42814779	124975	43300620	121763	43650125	105617	43956071	108945	44233442	89401	44521542	79274	44856485	128768	45207382	136954	45585511	71736	45874599	88787	46234136	160630	46681616	122894	47092677	126178	47439182	159389	47896247	134806	48251037	143393	48606077	119034	48953946	125879	49384840	89437	49602663	120233	49933632	153482	50331890	113098	50762488	79229	51051112	97984	51401871	74975	51675151	146867	52045518	125765	52445788	165646	52781791	138496	53145189	118143	53437963	134074	53822229	102066	54199987	110206	54537336	115020	54849522	116502	55205136	111733	55536152	109587	55857349	89005	56122753	100254	56487203	132955	56718807	108107	57034986	151043	57495528	110724	57824778	103396	58146079	117458	58493674	107861	58928976	126783	59458851	131611	59819647	156232	60189853	106130	60507210	145544	60882442	141061	61208731	129375	61586826	148934	61926936	116275	62262234	128801	62720094	57033	63069560	152092	63447137	144747	63859387	122239	64291518	89568	64678690	74251	64908054	123585	65351613	106456	65801537	118996	66187647	116620	66575257	148284	66891044	186071	67339993	137873	67735362	130891	68139970	142934	68552833	90210	68842613	121846	69241083	102403	69501770	120132	69944601	127152	70255106	95687	70594687	138000	70988246	113851	71411982	94282	71701797	142128	72151130	118824	72553250	114538	73005017	114009	73488110	132060	73758679	113777	74097942	99266	74465947	130636	74867223	129481	75234225	151954	75683335	142807	76066984	137069	76464945	148724	76829426	91331	77185400	142952	77608910	107598	77982271	135361	78409175	105438	78757087	135274	79116076	145757	79572054	113541	79951244	136250	80285428	148149	80619598	131006	81000012	110188	81280812	145870	81597372	107550	81905737	107248	82273298	146039	82648332	98270	83081222	106372	83430177	138649	83889495	88067	84201697	142657	84610794	122609	85062760	130032	85404282	101648	85665415	150768	86025073	79552	86386999	130739	86764685	79718	87139392	99215	87459682	119290	87728594	114934	88026988	97260	88412320	124549	88813304	114556	89183651	108858	89520214	95368	89865454	84302	90197772	156335	90577760	95916	90982710	143841	91430770	139520	91866024	120015	92182763	103384	92609010	118982	92885025	122294	93196647	60588	93425412	102821	93807477	143683	94202189	101536	94535521	119654	94961541	138888	95405369	98802	95781020	109298	96148350	141250	96561466	119459	96982688	127309	97316726	134926	97717632	125780	98111618	170735	98552592	75634	98822280	170165	99142163	158931	99506973	79256	99812227	72070	100218040	137160	100560283	130386	100918407	147872	101291277	138514	101658007	119682	101979791	137549	102473148	122451	102812705	147617	103240196	141214	103604807	110509	104069087	141743	104388254	117884	104872667	99963	105206123	163965	105543663	119574	105848921	93880	106229245	126116	106673087	129104	107100585	117508	107494712	110192	107791806	110936	108102153	131020	108569478	151787	108955665	128202	109431972	86987	109801064	134661	110168033	118180	110573721	171488	111013736	115619	111343171	145268	111692441	117081	112061014	162320	112425216	99137	112754178	113283	113118980	135450	113548874	150289	114031642	138721	114447536	125581	114809483	131755	115327494	153215	115732873	88411	116089950	141339	116464629	65985	116753588	92870	117054191	148501	117415836	132258	117755216	110172	117990012	118340	118413868	146926	118820059	116106	119141268	84822	119469173	83505	119831952	111979	120155793	113464	120486424	119868	120896199	138060	121249823	147324	121650743	158409	122060908	147209	122470694	118124	122850012	126381	123247910	89900	123576856	127384	123867078	111949	124216586	146705	124588137	138229	124976728	114937	125397144	176220	125847370	143637	126162602	87756	126481204	185826	126945859	120443	127358904	142672	127667792	118965	128031508	130506	128457467	119777	128864452	112580	129299656	76259	129562436	140297	129974215	157294	130414691	134198	130846809	157578	131226058	144172	131650215	160965	132091411	134246	132472575	178409	132979509	167035	133320358	123139	133734832	101050	134062689	137515	134513389	117472	134900252	125349	135261162	151555	135680453	158779	136109311	130216	136511671	132322	
0	21387	389114	93707	891197	90949	1318740	89692	1735920	97778	2178844	45694	2547116	125880	3003975	67007	3246093	82489	3653196	90293	4098881	81867	4500978	103945	5008398	118391	5530544	94177	5970092	79697	6425138	95832	6737566	103508	7179082	86187	7670664	91077	8148122	77036	8507936	87083	8892854	71590	9323663	89650	9756899	112510	10293220	60857	10670620	101795	11151770	79027	11451084	64359	11935299	75963	12412339	94742	12808029	88655	13311763	97589	13777655	78266	14210294	72079	14560919	96942	15044624	60024	15377759	78858	15711250	119445	16345877	67619	16775243	72351	17293314	90894	17595940	104929	18152530	90911	18698546	51103	19093071	70946	19462442	92974	19900265	77736	20374345	84405	20739095	59439	21150767	87485	21616794	76653	21914811	77633	22335135	96275	22851567	66109	23163107	94671	23547197	97710	24057648	59252	24491907	60316	24955963	52442	25329030	81345	25856947	99835	26293522	68020	26705234	107537	27012717	92818	27519537	104891	27978645	57219	28355203	67055	28551947	67266	28878387	80455	29306956	120690	29737086	83327	30080376	100930	30461154	84637	30854127	119572	31215488	81259	31712132	92334	32173783	85145	32609675	82914	33085086	91953	33421680	65691	33888056	88494	34234750	131019	34662029	85726	35187531	61506	35588675	108904	35995034	85038	36354873	65017	36788977	82998	37104810	69458	37432621	62417	37900186	81475	38254909	65220	38666462	70191	39200726	100345	39594684	71047	40005604	93156	40499587	126851	40952540	101406	41383420	85566	41789505	87701	42292064	75940	42623501	84830	42953157	58287	43361563	67877	43762167	97058	44126740	88502	44553960	106340	45032340	63812	45325392	74550	45743134	51362	46222196	67004	46654734	85584	47022209	86584	47497602	103743	47979163	96881	48462996	143383	48830691	74465	49347965	94897	49800193	50185	50150147	109374	50675494	72131	50980724	51699	51357770	77359	51732217	110830	52076229	77709	52484572	93222	52893600	61123	53304282	75965	53719810	82844	54183645	86736	54676594	81511	55086963	92820	55486176	75031	55885876	108713	56284591	89583	56809894	87250	57160807	71374	57515852	107439	57980428	75836	58498700	83793	58970311	91085	59471836	84707	60018901	87780	60462980	98565	60779375	91722	61182826	66460	61553432	80766	61972405	108402	62440107	78799	62778473	71394	63255905	98504	63759533	84912	64324422	70979	64641236	62946	64977381	109071	65416274	73373	65907858	65409	66283834	69975	66813517	53822	67262990	79001	67662325	91606	68028935	85395	68610137	105854	68991720	96352	69463148	88742	69882128	102507	70211341	49386	70558518	78160	71077664	98865	71507726	72746	71829109	83724	72319771	62651	72641619	91227	73096976	100423	73415123	111065	73846190	75537	74166805	111633	74484636	107840	74938874	92931	75389020	97066	75821642	101144	76324993	45911	76672432	67272	77148291	79579	77588204	88869	78071403	103965	78476526	97257	78853041	81543	79301857	88945	79608787	110161	79978342	95317	80464520	92919	81019371	92054	81469576	64031	82005600	58304	82377503	82990	82766908	118565	83324495	91967	83679796	65969	84116839	57654	84466458	73885	84775915	75705	85274460	90573	85607700	91942	86106854	69709	86500963	53676	87050865	79760	87374019	95588	87797024	103428	88207959	59784	88611392	73247	89042411	82024	89526127	78984	89982016	85840	90409159	80471	90774299	74294	91172850	95634	91625011	83420	92062505	81988	92522439	73926	92846831	94665	93341845	98021	93682307	96965	94078117	74434	94546965	84595	94920633	71259	95263128	83616	95713048	92633	96066618	88035	96416957	49644	96765584	87495	97170757	87433	97698485	91056	98131756	69684	98634946	86664	99073280	127568	99484766	89969	99989048	79229	100455294	78119	100885744	82523	101375340	85604	101825342	57898	102113253	60282	102579177	93628	103042089	56243	103451015	88814	103841089	56452	104233190	88188	104640433	110012	105048852	63133	105571865	87436	106021296	101845	106404644	64779	106855146	67111	107342621	68501	107683230	64067	108074355	109811	108656764	70556	109113471	72034	109591070	63938	109954260	70543	110431414	67935	110828784	74739	111224338	65714	111677448	80291	112015541	67985	112418059	91851	112830527	75290	113256898	106334	113746200	64466	114147825	64965	114492686	117411	115031646	83114	115524103	60652	115935213	101582	116358628	67200	116753573	74005	117106019	56989	117511652	101337	117995967	74182	118349883	74353	118913688	93345	119371919	108110	119857074	72064	120180746	49503	120618353	56682	121014434	97287	121578271	74002	122067482	74205	122483915	90876	122838020	79148	123163993	100954	123591489	92201	124096849	67465	124425643	72952	124762403	85666	125217433	77626	125634365	83867	126110765	77553	126623647	52739	126880401	108957	127273526	78289	127706366	60380	128204712	73213	128705506	85316	129070075	84379	129436412	66920	129825158	86683	130241306	86927	130656066	99543	130990197	100997	131313996	61160	131784837	95368	132188953	80407	132588643	69879	133015783	56800	133358676	81635	133742228	108990	134336154	93282	134823811	91803	135288728	72393	135607309	104058	136013699	68812	136494937	80236	
