50	10	3	10	271672151.59021	9797.2452
14430	2064	73853	105322	60433	84181	95505	56265	3794	104057	
22500	24192	16295	44924	113031	95452	64175	37186	35811	31638	
74058	84909	64939	62414	70079	91742	57863	36509	2140	9207	
10820	49131	99025	44529	3559	25886	5148	89287	43362	12100	
41342	35295	10127	75808	40924	36754	78342	14405	90060	147026	
112539	52573	2961	3917	26663	21275	32588	68185	25110	28769	
79922	95785	60768	64918	46865	29277	57007	23627	56424	4396	
73037	83963	56249	28819	59847	43523	41958	25487	89525	13908	
71706	32558	70644	27147	26429	83273	29877	49954	82964	40603	
108287	4855	43235	95415	23959	112900	30368	13902	95526	9720	
21184	88885	12224	94256	39463	67752	9092	19711	55014	6268	
38622	28693	36075	15285	90548	60667	62505	94289	84612	87394	
19413	69485	58919	699	72136	97596	82904	74291	38108	14382	
53845	41135	40942	76022	23491	5690	57265	63088	87732	112346	
6926	58150	33467	59460	25744	105003	116939	24302	71697	33932	
86698	58312	61942	30087	65902	3524	47111	35022	76939	13950	
108204	56697	85969	95398	67942	2962	66006	58046	6470	26360	
41279	13909	66878	10350	55785	56154	25411	27430	10435	6321	
25610	34867	72474	88466	18323	8755	92831	33220	1115	113430	
105940	87690	3668	45674	95362	63164	24822	84949	24577	82445	
79225	44129	26586	42306	57180	46332	36697	43418	36431	62784	
82124	85791	35117	98467	27999	31494	101413	100449	86536	53396	
51011	21490	57968	7628	71380	67222	9724	64285	59348	61818	
99839	65336	52690	69375	12737	12152	65169	117066	63268	32069	
6558	43406	51764	87589	19906	26234	820	39437	88505	14549	
21682	84585	40658	1424	91519	110981	59302	46238	77007	89047	
31979	93709	16863	53672	67425	56212	78500	32982	57350	23542	
74064	4316	8675	59513	28803	33745	78280	50653	78757	60078	
24535	40762	5243	2626	84854	57449	52792	50438	55628	19191	
71146	11827	69312	39046	76600	42740	78888	1191	73783	46609	
6798	26037	61410	69265	64995	62415	611	73185	54385	114841	
85694	65608	24861	45853	28090	12297	78425	44574	57002	30571	
64791	14034	100013	12310	24517	11892	115966	2375	59235	25306	
9319	63365	51351	86572	3418	119299	81454	32770	23936	12142	
22627	62175	32897	43984	48529	35248	12699	46620	87945	103606	
32492	47661	8930	49999	25263	21676	101872	90806	7158	75733	
95941	85253	24674	36080	52895	11600	54518	23605	40376	15311	
11816	30224	60015	43568	38412	73891	14507	94517	103644	3320	
88226	29646	10150	8921	23139	14535	110495	25230	95038	44222	
32907	36554	14656	41450	32162	83839	79005	30387	33217	6371	
23359	50602	78664	26947	25095	108051	3814	23682	12502	67781	
35577	28426	6831	19738	10950	30312	9301	113640	15245	36218	
78123	38176	36016	54158	77755	36963	17952	46585	63739	28249	
43634	31415	64607	5200	13029	11000	17505	15476	22042	19929	
92348	37481	32804	4822	24485	20975	33764	57204	61212	88687	
44411	40364	123498	55554	68739	98531	95130	80141	53373	48445	
28061	101539	40233	19817	73389	37638	51304	2763	53331	14174	
7530	19616	43037	42460	64135	4974	8182	89381	55180	18964	
50212	54804	68267	95305	41602	36486	27005	61569	82015	48414	
31269	27013	69282	60486	41606	43306	31357	104898	11178	47706	
372820	59728	874030	67592	1248482	51518	1723025	79238	2173883	67127	2628988	60055	3133544	37941	3467423	62470	3848673	59051	4276042	70014	4778267	50549	5238728	66722	5899474	79550	6449175	50662	6965896	48370	7460738	70751	8257770	64265	8742161	78248	9267489	56412	9815954	65471	10433572	46996	10880609	68564	11390824	67240	11930452	24908	12337230	67080	12824277	58755	13417561	58645	13796598	83061	14376425	66590	14746216	44902	15122637	38622	15525834	52055	15971736	53627	16573484	74593	16999088	42416	17413612	65629	17944407	53022	18430744	64804	18880047	79049	19467177	69535	20076794	41860	20522292	60416	21076795	57467	21655259	60469	22211371	89774	22864755	46060	23334139	57027	23899055	59256	24334751	81531	24981665	61976	25574087	57553	25993258	69559	26508129	75088	26907825	59232	27497749	53248	28225730	57969	28794196	71125	29131459	59331	29664004	73505	30076465	48963	30568128	63098	30964624	69410	31532779	72115	32019654	89443	32641794	56239	33225681	63708	33756831	41668	34179980	60767	34546159	49990	35059015	58572	35588308	45338	36024816	53637	36509900	58863	36949027	47561	37458971	69406	37919746	89859	38459542	61923	39012238	53268	39540846	48664	40096331	48444	40599606	49931	41044558	70318	41345085	52301	41787173	66547	42337403	39819	42817484	72716	43359676	59925	43915731	53600	44401845	33997	44803483	58474	45230485	58924	45675251	52859	46088454	67283	46406540	30623	46868300	64179	47234219	84127	47787818	45819	48224894	59921	48871226	77093	49552564	71176	49960151	59873	50338120	51393	50952884	66274	51489922	77373	51899140	62854	52581945	60874	53128204	51400	53453724	57906	53918780	66037	54419753	58964	54863969	67295	55449042	56894	55857656	71930	56388345	75723	57032573	79399	57338125	53794	57876186	55837	58343721	61447	59050466	65346	59581082	54357	60104775	85188	60541773	76565	60988461	55093	61560997	53201	62148406	54759	62579152	46908	63144296	64458	63724501	52935	64245977	66088	64619495	77633	65153994	47666	65885469	50144	66425986	72124	66988083	51078	67566441	67659	67937769	53805	68506329	60310	69200007	45625	69610804	45238	70162358	82214	70657015	40621	71310241	74548	71843439	43721	72375633	52283	72688738	43768	73146347	36416	73566645	50232	74011469	50297	74616049	51050	75016963	52715	75553510	41071	76203905	65610	76589913	31290	77017804	85865	77527357	69527	77993775	47832	78703649	52685	79195335	67718	79785290	50914	80070723	69558	80693411	47091	81131814	55657	81515860	66368	82015690	56726	82449078	51254	82983691	47744	83374856	51995	83730339	49395	84217607	46743	84735830	71839	85163372	75465	85682775	69492	86299929	46411	86784221	57992	87235017	57196	87808253	48130	88308375	66984	88861317	44995	89288438	79326	89691442	54747	90027064	39873	90526238	71898	91129161	64000	91667173	59614	92213506	61408	92665905	51720	93225633	32632	93691300	61506	94105561	84125	94729295	59716	95279153	51304	95831746	66574	96329066	65975	96879801	60698	97374160	50562	97824498	44648	98302745	43879	98808580	64862	99315368	77634	99711014	53490	100176473	49091	100517270	36179	101134562	92030	101701447	57198	102117067	47064	102615486	51000	103179436	68132	103758462	58946	104281349	87461	104849856	63401	105238175	44585	105684812	65423	106193979	59916	106813895	50287	107395257	46673	107891671	77955	108438835	42817	108929610	56370	109528548	81934	110042080	62415	110695081	57402	111131376	53482	111737205	58953	112168886	69460	112556879	56286	113021380	58303	113553812	71375	114155610	59550	114642620	70129	115127292	67623	115753661	83046	116406672	62228	116934141	57470	117385670	74573	117920120	62984	118440661	47704	118762424	59990	119239239	54660	119768767	66365	120347861	79962	120806375	68751	121443614	61166	122014395	67626	122546062	87097	123122649	71928	123678651	54766	124173663	65079	124509711	62171	125012617	52665	125483417	65570	125998862	70365	126471552	48402	126815915	59763	127386772	70417	127811948	65879	128365198	67383	128845131	63168	129241789	60145	129732840	80532	130200362	54287	130789274	67644	131165321	40594	131680057	44627	132196931	49198	132571193	62891	133123271	60003	133689170	32948	134281204	47188	134847713	55079	135418488	51718	135984908	64795	136418423	49288	136894626	55350	137493985	76472	138059971	66013	
271840	58755	728492	102047	1383998	99972	2060000	52457	2706696	76563	3286757	60972	3728662	86528	4242968	66444	4728525	85486	5066514	79826	5727114	61494	6287109	91703	6919095	65956	7496613	57936	8083374	58635	8538153	81257	9056835	96009	9663545	47029	10091914	68019	10530624	79579	11198929	87780	11577583	87986	12115754	94951	12852190	106819	13271670	70277	13887693	73990	14484203	73567	14984205	67912	15727614	79752	16323488	65015	16885646	80307	17410081	70436	17967965	92976	18479241	71267	19157101	77452	19762423	77953	20298404	46236	20923694	84582	21326770	88739	21840212	71610	22341398	95002	22955110	67510	23434016	78835	23765143	76841	24385311	86113	24820304	72586	25145083	42923	25665019	77939	26287632	76206	26841348	70452	27138476	67234	27686451	65795	28211583	71924	28674075	80258	29199444	72262	29813903	75628	30221154	76461	30731493	72323	31294023	101610	31906070	45736	32650422	81184	33303755	79965	33708901	82995	34264594	82711	34990758	86509	35447085	99575	36046935	104696	36690342	51134	37214795	98251	37730889	94351	38306319	77045	38880147	104882	39334123	100985	40055607	63719	40678270	83475	41304024	86684	41776208	78573	42166141	83818	42830318	97908	43425551	93992	43956163	79254	44472486	88352	45118956	65749	45613235	72506	46221860	76939	46712869	71904	47232788	55894	47802090	75216	48324799	61589	48834538	101340	49382239	85087	49917069	57351	50501589	84074	51059149	86036	51467957	75247	52002507	96105	52356962	79436	52977741	83520	53311810	62036	53794019	80341	54313701	82343	54892803	91073	55465923	114521	55979480	76308	56546851	86606	57131981	60697	57683212	74863	58357440	102180	58955046	69127	59352317	79761	59845112	65881	60516274	77865	60856212	75802	61525851	86236	62142923	102076	62723837	48917	63186601	99720	63937761	74670	64451339	59905	64925878	86459	65529728	72678	66041624	76828	66546677	92540	66953136	59288	67520362	70857	68102166	74238	68695667	74270	69224788	75604	69732671	60774	70321279	56621	70827844	53723	71246397	66797	71845486	86346	72314929	93072	72940669	103729	73575852	80103	74235023	52550	74889383	85253	75521721	88473	75851252	59412	76375974	67114	76856062	64612	77478524	81636	78084997	105237	78663555	67617	79233936	87567	79807772	55867	80241506	91419	80793474	69748	81349333	95009	81826052	50551	82408600	70455	82887650	90733	83463951	87246	84180914	85367	84800908	83102	85345271	103285	85930568	65265	86433411	49957	86809489	86851	87388635	90980	87760181	65026	88307976	96173	88883851	94188	89329814	87190	89656153	85816	90205529	79484	90569793	93452	91111773	50853	91663634	119251	92232714	101247	92739086	69373	93253370	66578	93984262	97443	94365320	93107	94835826	77571	95507678	50881	96001095	68130	96473029	81509	97100235	74606	97578259	76069	98210970	78900	98799125	87749	99480704	66153	99911945	67421	100448543	77020	101017248	58926	101515031	81688	102059964	82026	102650130	100441	103301838	79957	103924242	111192	104371555	70651	104957638	60714	105503777	85223	106052475	76732	106521050	78293	106959223	64231	107530836	70379	108064443	86885	108756445	100074	109412971	93003	109928844	90597	110365554	73454	110873556	59503	111374348	97052	111790107	83717	112387864	69203	113012538	54718	113471640	80103	114017984	62056	114552243	83622	115184441	56280	115506797	87467	116051715	115029	116727047	74198	117278207	92838	117868251	107332	118534280	112621	119122144	82984	119509769	86759	120060381	75834	120602534	70668	121113107	71241	121467922	90947	122004255	55983	122596608	64585	123093853	93029	123726756	66631	124274373	103622	124791769	78474	125567082	70696	126016560	60932	126529292	75377	127167845	88562	127681120	82423	128303433	86227	128640572	94470	129235938	70558	129872460	73538	130308637	79621	130791792	57526	131340886	63180	131797680	59666	132402818	58172	133023523	91813	133648729	80691	134221017	92991	134587014	92699	135148224	68667	135893204	77956	136402195	72555	136737063	91937	137202684	73859	137686814	78479	138279889	62405	
316436	144985	740600	151153	1424447	145012	1926490	90778	2363404	196684	2938239	175555	3564465	113985	4015483	136723	4601036	123800	5220360	112255	5657626	137407	6194750	156235	6738282	83229	7164627	144284	7873891	154639	8344882	78065	8844891	106755	9349951	223608	9974073	187106	10492587	151820	11080104	141239	11559895	151005	12024081	126449	12643775	91207	13069205	124618	13588343	148697	14274519	150316	14715865	151084	15293780	146451	15825834	116417	16478858	150246	17034224	97168	17616505	126917	18090140	127527	18619112	183736	19117715	155865	19625880	107689	20176892	155916	20776924	124100	21280494	165918	21939194	126522	22497421	110671	23087863	77877	23700580	164978	24352433	134207	24879830	137628	25528036	147676	26289773	152681	26847492	166803	27292967	138046	27949318	151302	28527524	121335	29077372	150780	29554136	117326	30089456	185212	30670307	180274	31237396	137810	31802634	137438	32179993	116533	32692287	117367	33148483	110706	33710331	211166	34363561	125874	34836026	157608	35445804	125011	36064587	181858	36780159	97311	37369344	112408	37965100	123696	38473874	189958	39002117	188788	39693155	115850	40207679	166902	40674764	151436	41158920	124628	41604933	166535	42201749	63262	42714163	136787	43219356	107847	43641708	103459	44289934	154742	44768479	99217	45212898	180252	45800600	115936	46411636	119240	47076320	146872	47641146	187742	48247689	150204	48777211	136167	49317598	146627	49820615	151571	50417866	135968	50919627	156155	51595749	158521	52180077	135836	52687896	91824	53100158	129092	53660743	139776	54265243	177703	54866401	96715	55391580	150731	56047225	179896	56580273	115609	57180270	108234	57749438	173810	58420883	168101	59016635	84070	59416322	126077	59965853	164386	60604337	145614	61051001	67149	61554626	167510	62245674	140509	62818946	151901	63370534	134950	63838249	93366	64207048	131702	64726520	138294	65205408	170325	65657753	118192	66208046	121922	66718126	165346	67195464	155384	67705295	93654	68085158	168643	68561490	106610	69030449	136838	69602696	75477	70133758	90344	70623762	149776	71224213	145937	71790274	136757	72306665	92235	72797047	141967	73298062	142511	73756356	157399	74294203	195132	74909344	127014	75476432	117908	76101770	150322	76641469	93672	77191317	82664	77688497	194637	78355439	181699	78896184	143823	79396288	120051	79868784	99335	80389685	160986	80938066	112443	81269608	126795	81814195	116404	82334320	132157	82841492	99568	83384750	132498	83883148	180732	84335647	104313	84815253	198194	85401985	133646	86017157	180181	86677839	139722	87111688	106544	87793653	121861	88491299	152395	89191386	182967	89919724	122042	90395672	151247	90916235	137708	91402784	155627	91957511	150039	92475287	125054	93142375	154836	93707526	149552	94272342	130181	94889446	204971	95483648	180085	96109393	101481	96724675	129261	97359241	125984	97768712	87252	98272057	153948	98862018	190720	99500030	120755	100031087	155410	100396520	150041	101007976	189163	101638921	171191	102165714	131943	102788566	93664	103359596	142909	103917683	144692	104548543	147349	105133609	102732	105594086	165829	106195202	166379	106887523	133262	107469368	158295	108112004	127933	108684267	150961	109248677	131761	109754188	89208	110154379	148235	110721265	193177	111277176	144658	111657702	155666	112243321	91552	112784140	138581	113407914	107309	113957244	159054	114502475	132961	114999337	168767	115678679	129367	116210860	91646	116627674	178222	117066511	74262	117558358	124094	118130588	135506	118695601	124387	119240938	120911	119603543	139772	120177348	115991	120700693	154446	121158680	104939	121798120	142243	122430756	109684	123013337	191622	123494953	148645	123915504	136370	124554614	87456	125017275	135168	125527546	92755	126090293	102254	126773339	72745	127214263	86890	127713988	179510	128237762	176398	128893017	172064	129451001	178348	130070019	200570	130519856	105529	131183830	122333	131750138	128526	132352241	125468	133025921	118364	133639321	150858	134131670	166098	134673873	154378	135332365	171698	136009267	97703	136651156	185597	137207933	122887	137614798	129505	138081993	121652	
166017	58845	668541	76816	1087301	91198	1596544	81076	2009323	81082	2338263	70778	2908858	63647	3277108	64071	3751497	73845	4158846	40974	4553119	58728	4973540	44309	5442429	73504	5753708	85145	6207006	80766	6649984	72543	7243767	80252	7533488	52283	7953321	77086	8431006	68650	9003792	80072	9414087	71641	9991279	61260	10461427	69980	10915444	79378	11372135	81062	11953127	78075	12314531	58075	12694382	65985	13242093	62997	13709571	88324	14235777	79548	14830772	74991	15223790	40429	15603802	67974	16071996	71632	16544046	67084	17075608	106724	17577926	43768	18022221	63390	18458420	74038	18924292	74149	19350948	77753	19791127	51078	20209814	73515	20620967	100251	21107019	51314	21628368	72610	22072439	63731	22540512	56662	23061181	66977	23783601	60247	24327711	60013	24752051	47872	25040232	63829	25472564	88181	25968350	74919	26388547	77953	26902559	103997	27253924	90973	27719230	51822	28141900	83291	28658365	78052	29186292	82558	29663272	81441	30073967	81201	30478595	68330	31061524	111802	31591168	60499	32005192	76350	32429297	71527	32971926	89594	33468836	94717	34031639	70558	34645330	78275	35207684	95223	35545409	84359	36125586	74823	36658233	47716	37033135	79793	37466129	86613	37867785	66559	38373066	77052	38834988	56501	39184844	67669	39685375	85763	40133938	59880	40627493	64011	41210348	53300	41600669	64454	42098444	76308	42557413	39641	42876415	85737	43342130	61318	43757004	49814	44147941	57900	44443628	76545	44842679	91990	45361665	70094	45799294	70272	46311119	93042	46803167	73567	47308029	99096	47832871	88502	48214725	64278	48746089	75848	49212244	88974	49701045	55378	49989125	74738	50227953	82317	50790582	74413	51393333	85532	51834949	73607	52196430	47677	52530902	57336	52834573	104746	53466474	54241	53855376	28690	54387002	77930	54743083	63697	55169799	106132	55656639	54123	56170193	78521	56712515	62279	57172479	49350	57711446	85167	58056059	69388	58507176	79833	58848200	72340	59481126	58063	59936393	90625	60318677	71427	60827319	56819	61217740	46293	61648056	52631	62076828	70294	62514538	53828	62953241	74176	63339802	89954	63813667	48073	64214904	96257	64705502	105504	65322404	96276	65832815	92977	66342813	62104	66824838	80247	67188521	50293	67635367	93036	68134603	74619	68579524	64028	68953146	71898	69494743	83034	70103817	79390	70499411	60263	71047942	58500	71501407	95841	71994181	61314	72362891	59517	72826771	76316	73222617	102011	73788191	76456	74277184	57838	74738718	74177	75255736	50154	75732211	43084	76138859	85100	76669060	66255	77399965	68387	77867612	83596	78565137	89793	79154212	54685	79656493	40340	80151018	74231	80631923	71903	81165756	55628	81661726	106814	82229414	53637	82718427	77521	83081806	62868	83569090	81977	84083659	81761	84568742	74902	85097162	41803	85350690	64002	85847224	49168	86250757	56257	86737922	62673	87181624	99248	87698296	90398	88197160	81729	88663081	73113	89153611	77067	89567816	87343	90053738	88314	90436849	78943	90968974	80596	91478504	91610	91959190	67707	92444575	57909	92920129	80233	93373304	66277	93758567	62435	94164664	66841	94670214	78627	95246911	84277	95821123	115068	96314958	80460	96879698	94288	97509481	80301	97899493	70622	98264626	100789	98715663	72291	99097991	62027	99676585	48957	100112828	63713	100581278	46818	100968223	75250	101427160	98909	101875049	48824	102459392	84134	102994810	79879	103472195	82060	103998683	77965	104399172	104504	105057134	73430	105563443	88128	106214549	43054	106579065	58409	106853229	85240	107473719	76388	108078787	73759	108528939	63908	109053926	68017	109567181	39578	109879709	77011	110350091	69042	110792909	77428	111175132	76333	111786007	83735	112289165	61105	112659593	82115	113138013	59312	113541469	109552	114006722	69393	114501418	62374	115127425	44334	115724208	70056	116139889	62602	116598674	74856	117047278	63177	117328493	81736	117883226	69254	118491216	72235	118900252	91417	119277532	81159	119707517	75275	120215210	87783	120760412	85913	121203219	71119	121529419	81318	122003631	83087	122445460	72903	122990047	82528	123604465	81048	123957980	45090	124383131	53163	124781789	57169	125198073	80801	125775788	59056	126320245	83591	126856405	99214	127343964	95925	127889932	59395	128313388	80930	128797812	74142	129241796	76206	129802766	86771	130333723	76613	130719909	56342	131124819	48630	131750160	70944	132202956	53211	132630765	62687	133164123	104605	133584586	75240	134076482	72747	134696113	88634	135244210	63335	135778701	77259	136305886	75178	136804953	75163	137286812	88155	137715307	68285	138253628	69037	
735088	114226	1664705	138157	2251258	108186	2984155	189275	3988393	190904	4915683	164749	5869341	99274	6789107	150348	7575012	154855	8446963	148007	9337298	134303	10133272	162382	10965973	122989	11884576	126445	12659532	147770	13398952	126391	14235778	140473	15041178	52909	15866659	174769	16943557	113753	17679783	131541	18256707	121370	19033329	130912	19925772	145876	20421675	114871	21181293	132081	22111110	155820	23067820	94263	23895631	137177	24557791	120763	25539589	137131	26433162	163720	27184075	142101	27938846	139290	28787023	125369	29587979	122354	30450165	134051	31178082	112411	31976366	158569	32641826	147599	33433027	142657	34411015	169959	35351917	154368	36242191	116328	37034847	157550	37926947	93766	38509089	130059	39319005	125741	40090471	180462	40815658	101012	41817662	121798	42697389	126755	43816229	71870	44528390	154976	45387322	132486	46512791	95635	47233588	151709	47921364	141629	48659921	138044	49535617	213647	50565584	89938	51174471	149966	51785971	127992	52603581	144307	53281527	80018	54002332	198335	54886003	112412	55753763	97312	56520714	168767	57268106	120287	58001674	119913	58838052	156463	59700024	83356	60336908	173629	61150411	137507	61859782	134630	62522456	152027	63431424	142223	64105567	122407	64786320	95713	65364077	141663	66288762	178833	67130119	142836	68024237	121711	68815016	99948	69633176	146394	70612186	100721	71566358	122327	72507988	142665	73366385	115274	74304631	123091	75088571	150581	75972855	100765	76753533	140020	77741257	172828	78553154	160305	79542276	113269	80230603	131547	80955908	120873	81727787	134002	82727147	124724	83796759	188099	84593063	133837	85299413	84914	86150830	102172	86933384	181056	87829673	105203	88972449	145193	89691140	183307	90527211	143741	91366932	136334	92159033	120534	92895975	137287	93597531	125591	94636648	131803	95266593	119684	96250891	117232	97206960	128239	98030861	146593	98947055	140010	99740364	150850	100650006	150096	101391943	89566	101948299	149312	102759773	140917	103299567	166687	104235829	152583	104730196	89238	105410276	123071	106179559	146084	106895602	106271	107515725	141086	108150568	132918	108967191	194833	109809901	117330	110546887	149941	111463840	131929	112444569	168824	113504365	158505	114450888	132778	115332218	87064	115891472	145473	116760680	135620	117584333	164545	118630333	105534	119445686	125938	120330065	115507	121203161	156913	121919361	128507	122639686	161821	123334185	114673	124154846	118113	124879419	148632	125914587	159185	126641042	139923	127653236	112879	128423997	146313	128991014	94174	129578251	142747	130313376	128062	131183048	135370	131908865	146040	132732022	171590	133644573	154769	134277316	126242	135281351	136838	136087053	105103	136967214	174622	137890413	144331	
294028	54722	695333	64973	1089569	63382	1552160	62076	2000107	78901	2502641	63898	2972516	70735	3405354	57553	3768410	58739	4245103	68257	4657679	58064	5151150	39769	5770954	83319	6315174	57806	6908580	49795	7365447	77492	7827905	55693	8247625	36121	8719123	57649	9180996	48179	9534275	49387	9910097	49602	10331463	54529	10854038	48344	11363430	64220	11784125	51444	12145839	63349	12575730	68211	12889424	45106	13338421	42848	13765537	58648	14245001	63844	14765706	68871	15193844	53823	15779503	76832	16309722	61883	16839702	48051	17264818	40181	17635234	49309	18082260	68895	18621394	61105	18986927	52485	19379416	46013	19929571	56637	20240045	42674	20623494	44486	21201999	39825	21573195	47698	22049673	67945	22433041	81509	22760035	69181	23286503	72680	23879212	53762	24303434	41118	24790480	52716	25357644	65355	25747839	78813	26186039	49642	26524237	40422	26970983	68006	27409459	42438	27801177	70705	28274969	48078	28704962	51431	29187923	53369	29575643	68775	29887862	56196	30324606	65857	30671365	50981	31147832	82276	31576537	62822	31941174	44037	32265844	60184	32739025	51747	33269514	38780	33707126	53828	34153519	65498	34583817	38060	35064635	60199	35397258	72252	35919216	40579	36369121	73130	36796100	67384	37262915	54545	37585874	60018	38018488	68502	38570169	55274	38970686	51805	39314940	72544	39851985	60211	40282802	47237	40666587	66979	41125985	46992	41568102	48415	41864572	52186	42277807	49398	42674975	58105	43054245	46500	43430784	73306	43919661	49289	44437122	46899	44969608	55479	45248638	57939	45571241	63186	46025450	46719	46472754	75601	46923668	55687	47479340	62390	47860034	65698	48356172	63069	48743604	53777	49209073	65858	49553207	76031	50002268	74700	50472719	51236	50770015	73473	51224796	36245	51582090	66398	51830412	49740	52230340	47794	52716895	78841	53269921	57620	53666530	62410	54185646	47070	54601257	52310	55068637	84892	55500587	84418	55955613	52914	56483834	66772	56853819	53100	57252361	66987	57730785	56796	58186423	64516	58660875	61572	59226844	62614	59650737	39814	60079771	67865	60520188	56137	60971639	60652	61477340	52664	61822554	48897	62077847	54172	62567012	65398	62896112	46964	63340468	55447	63650034	69875	63995188	66348	64392867	53973	64873612	58834	65211779	84955	65671950	53889	66125883	63699	66626983	46525	67080209	55158	67425423	38638	67806276	78747	68276152	73178	68779507	68809	69295014	62529	69892580	63592	70269675	79446	70842766	58948	71146753	74974	71612790	52104	72065078	41138	72429304	47307	72916875	62639	73353127	55754	73857959	51230	74256893	58491	74701749	55451	75119861	78609	75521462	57075	76004459	54185	76496109	62751	77003330	49845	77370962	56596	77740627	53297	78137308	53245	78507062	76731	78870121	50540	79499265	77568	80004953	39697	80337888	28052	80781527	66081	81262711	44583	81670636	58136	82006112	58660	82458217	68338	83001482	59900	83440461	24944	84007235	77797	84468840	42034	84967002	39673	85380632	58587	85788431	67817	86187354	58027	86622651	62250	86980517	45298	87526494	61294	87867675	46548	88279851	50387	88697729	62135	89130168	50114	89633741	58274	89979774	65038	90479386	32410	90893180	80156	91408323	52675	91868167	58661	92410791	47240	92848275	68547	93447568	40456	93933295	48896	94330528	56119	94821731	75828	95252098	40461	95641342	72323	96093733	52127	96468456	60860	96987957	63749	97380462	51279	97792944	49971	98164490	70371	98737376	60754	99201174	62410	99624482	49586	100063718	42502	100489917	45734	100933333	66847	101294502	57202	101649430	53836	102031591	69407	102591482	58652	103041120	43077	103514586	67265	103908251	68639	104193639	71078	104667716	56144	105257438	56177	105619781	43522	105997420	57524	106425865	48171	106861704	68666	107322195	58120	107757117	54040	108084108	40128	108370466	53741	108784446	65396	109219433	37983	109623013	48643	110062743	77329	110520394	38105	110977057	58319	111435819	66166	111918061	46914	112320959	78771	112734569	88372	113269366	54535	113712924	63342	114147775	58460	114582274	60037	115003908	38386	115408381	50843	115977756	54201	116388956	57085	116902949	52591	117358674	41961	117799570	61856	118329753	48014	118795829	57439	119120608	79160	119548977	46430	119949100	53850	120384091	44673	120800910	68670	121318358	46224	121793105	58828	122201873	65054	122675777	65075	123248316	73329	123764349	57813	124208941	61513	124708580	50172	125189020	58022	125701279	73287	126240651	49821	126730159	47969	127301029	50358	127763400	48699	128122448	66509	128632928	56889	128988041	36671	129436056	54240	129780642	38865	130120188	66871	130601568	42524	130921137	77960	131441187	67706	131919069	68983	132384004	63043	132774421	61479	133230257	50872	133636851	66457	134189788	39905	134661499	58574	135178713	76548	135641378	62651	136263274	64832	136692800	50165	137033946	66986	137556601	57947	138035330	60128	138453536	58847	
29431	98271	601425	50693	1465820	91343	2101437	101971	2814744	78542	3482202	104539	4183143	116008	5136489	96933	5936936	83121	6764898	38610	7802333	106855	8264459	104282	9021644	92998	9768033	70942	10509017	129296	11520413	93209	12092925	88940	12743544	70180	13491600	92447	14331403	90968	15273726	65463	15846251	108657	16485081	79539	17091962	85436	17980980	92071	18735877	72205	19582184	72202	20407585	97981	21305796	99978	22212793	93934	22964442	81549	23792097	70996	24534391	97359	25316301	97585	26335897	104889	27114411	90702	27944119	70974	28615948	82086	29182763	46842	30004549	53431	30917726	118711	31830893	82278	32837932	88333	33706590	85165	34370053	75572	35070848	71821	35701132	81895	36720164	105591	37581833	88758	38284951	82394	39000702	75217	39613680	100089	40329859	82233	41251958	79159	41706360	82511	42821222	96804	43716335	94282	44517082	77225	45148593	69796	45878601	96998	46628893	72403	47456445	99887	48107593	102744	49070601	62393	49632464	94699	50492608	100737	51168901	62606	51861114	104878	52822181	69897	53466835	89360	54125090	82574	54868596	98613	55502650	85560	56401606	121820	57050737	100480	57912416	109313	58356630	85242	59054239	62779	59804979	96009	60492769	105828	61164258	69683	62023390	80980	62863262	87894	63922323	92931	64493561	105650	65528607	98669	66416211	115522	67052665	75380	67732032	77657	68401211	59717	69037431	73641	69864610	77547	70491234	75619	71416828	95467	72296589	82674	72939097	92755	73744261	108057	74482650	69441	75231781	78469	76040665	96830	76804455	93179	77883748	105025	78499409	93809	79278659	81941	80102811	80923	81031855	112239	81802596	86827	82628766	101132	83538424	93376	84151727	81398	85168669	93789	85838673	76628	86693731	113309	87542179	59944	88315711	90620	89089790	72489	89714514	72629	90484073	72224	91384557	101761	92323140	73305	93057034	95086	93962939	105201	94947861	75137	95819054	101904	96528535	96392	97394416	78752	98179737	89119	98908040	83032	99533298	110579	99914678	88154	100621880	98814	101491698	80764	102135342	85392	102920433	88955	103771436	78016	104435005	97735	105155850	57006	106011994	78966	106900458	90774	107738776	116226	108510100	76501	109121548	73296	110002273	66723	110792949	78503	111658167	75183	112095195	105361	113054069	102957	113912405	84047	114564143	120216	115467589	94102	116188820	70279	117090649	96971	117635501	107142	118167170	105486	118805766	95923	119445764	76538	120297350	101365	121106169	79411	121838279	70291	122455654	109679	123300217	87274	124241855	71955	124959081	69009	125732330	98365	126802536	86841	127848716	87394	128857762	113163	129602462	98032	130440911	72302	131076621	77232	131876456	100145	132732559	70123	133669934	91323	134671176	127110	135496467	87469	136269622	94509	137213980	81886	138040701	48551	
53979	102679	395354	106843	854380	76268	1316733	107237	1755530	103948	2248658	116544	2750995	104047	3440265	102266	4005734	92974	4596704	64429	5236134	64011	5936077	69638	6485081	66995	7076624	51622	7575068	57024	7943479	89434	8635455	85807	9193631	81761	9699431	103697	10238080	97748	10695530	83893	11243932	70395	11618412	111211	12144451	54696	12612204	72334	13060393	62041	13601918	77125	14050621	71708	14391541	77253	15048200	97706	15675877	99302	16238126	52067	16626136	97887	17111626	69077	17546220	95487	18078245	73653	18468188	68876	18885114	56594	19426044	102912	19775741	83238	20172031	85976	20759572	83920	21306389	110696	21882239	67878	22365834	69628	22980920	67735	23395861	71104	23988687	93471	24625825	84886	25159684	101991	25877149	71522	26308457	75690	26657905	85265	27138125	88868	27758608	75970	28220279	73807	28692004	64074	29289413	89615	29800469	85384	30203951	86493	30774643	99731	31331538	75344	31983602	70377	32582250	89867	33219463	118576	33836705	71686	34177756	80296	34692961	67848	35213838	80473	35844975	76986	36277849	68363	36819850	73858	37341749	90464	37886711	100236	38439402	63050	38847667	80868	39443437	87354	39999144	64705	40470446	72849	41030566	98431	41591594	77710	42053420	85509	42597996	96404	43242249	72536	43704294	88659	44202740	94902	44765640	45669	45139651	73036	45691218	92855	46125398	85340	46577849	92237	47304230	104765	47856390	95052	48526052	87311	49061403	77656	49710035	66144	50273041	92871	50761660	93769	51115659	80007	51650523	67202	52135781	73693	52449642	58368	52981032	74940	53593905	56243	54158128	53276	54694891	92260	55176170	104219	55830198	62356	56284504	92309	56744584	57696	57274007	87992	57746717	51597	58353328	95099	58738545	103515	59098465	59306	59682718	97760	60304086	76806	60910876	94103	61535681	96281	61988994	55733	62593615	72365	63105432	62908	63658885	84324	64190482	67752	64609600	54175	64970077	99661	65545081	57491	66107896	89264	66629201	109072	67167553	95108	67612655	72466	68173154	90935	68737018	114149	69406720	74636	69866720	62355	70396691	97768	70918197	97315	71379741	95972	71843633	43953	72375313	112175	72857428	79780	73301268	80243	73818159	98600	74477681	72054	75015876	60658	75441980	85276	76087812	67424	76476222	67927	76920486	95177	77610402	69837	78191174	95022	78493828	99978	78990564	69716	79497632	95032	80032835	102543	80606760	94901	81227812	63448	81781491	60498	82194522	78758	82791186	73821	83263567	83181	83790085	81491	84459143	88482	85132727	70961	85759996	61580	86215612	56806	86835971	79986	87227226	105017	87798949	90357	88255099	99009	88761002	83420	89436844	64978	90054152	39866	90463380	75959	91048763	84044	91695470	99318	92291864	113329	92952914	71014	93466557	95332	93939518	111875	94538625	96674	94966865	110885	95516949	83558	96035098	101954	96527159	76372	96976974	74871	97342222	91765	98104746	60899	98543061	49964	98951705	82534	99474850	88434	99946969	64689	100382360	84288	100890000	73650	101305252	70224	101932629	83438	102394831	42053	102974591	91592	103438016	109886	103883937	92342	104416880	68383	104980110	85950	105549766	98766	106162934	73572	106588080	108428	107102725	63897	107575470	72335	107965940	92850	108360834	70164	109066590	91866	109617940	79211	110067474	93363	110647716	81927	111235654	77897	111691894	89561	112268246	70543	112794266	46935	113265839	101259	113799693	79945	114367114	114811	114800252	57379	115185966	87424	115704355	82709	116174743	65464	116642325	56626	117012521	97183	117718617	90619	118252595	103015	118769931	78575	119142923	73884	119445258	94276	120026102	97919	120678639	51989	121030818	72791	121566881	56622	122019977	70962	122355243	67884	122799700	68606	123264187	73001	123658976	50716	124106459	95705	124575052	74784	125086240	70702	125655963	82701	126172479	96313	126854624	74096	127592604	63884	128128038	86204	128667455	84833	129337515	82825	129887769	55286	130421178	108118	131089580	94546	131663596	96274	132253706	71720	132808556	108316	133387945	73606	133907459	70561	134464745	75474	134894457	72153	135414115	72636	135837971	106477	136491051	91609	136951934	51790	137438913	67618	137951931	61689	138498478	66895	
140754	141575	527760	90052	852061	134764	1238922	147765	1713657	126815	2071700	114246	2445430	140453	2807395	109312	3157519	124059	3484025	154871	3894751	131487	4288674	86573	4644130	76625	5001732	127399	5383728	95502	5732125	171264	6154925	126120	6465579	74257	6896369	123586	7308490	113559	7681845	130337	8021454	67485	8344398	136941	8741951	108079	9044064	159968	9488443	127284	9799531	122421	10192340	174056	10595368	105431	10882923	183018	11347588	121650	11711287	132909	12099650	127118	12480155	132442	12848761	159761	13216961	107220	13600240	105923	13988542	121678	14300264	142782	14730461	115917	15184854	137999	15550401	95261	15957241	108693	16302723	112822	16642661	116078	17025335	98250	17334080	168239	17671172	88058	18026578	100460	18380233	129256	18739300	125179	19197906	93558	19555286	115443	19906220	132805	20214627	128650	20575727	140367	20874509	138765	21348344	126767	21762371	124780	22201714	81613	22555564	136831	22940543	99491	23280073	138425	23686193	125595	23978547	155783	24351940	145092	24698422	151612	25183126	160507	25586063	98442	25917342	126544	26269840	111707	26672894	166506	27116465	87260	27417388	126720	27798345	106498	28172259	164364	28672746	114062	29094245	95205	29397338	156305	29794905	92021	30136207	138213	30493076	130607	30902612	153465	31395001	104165	31825013	95855	32261226	154514	32655548	141617	33074773	154745	33500116	103813	33946391	134483	34287014	123218	34727480	110713	35078453	79991	35427245	82230	35709967	125965	36080061	132295	36426417	136833	36853300	132516	37215159	130183	37613766	121755	38024247	123694	38425201	143770	38815516	124797	39100261	88380	39424606	110326	39712306	110912	40137693	106177	40498179	108870	40877237	167039	41332378	118399	41728139	126424	42158015	106227	42507130	97213	42878664	91686	43206082	152385	43638610	117702	43981873	91355	44363989	136764	44816091	109412	45213223	131576	45612746	153433	46002959	98873	46371292	116398	46749513	149937	47186275	119551	47588786	121732	47952895	103483	48286780	99774	48587144	121926	48975700	160218	49428713	143518	49824735	130216	50195068	146944	50561196	80545	50911529	140879	51332052	139885	51654065	130474	52071785	102002	52373942	128385	52674517	62030	53022169	93115	53365265	137254	53708883	150494	54037219	102437	54410130	79786	54738695	149616	55077476	132652	55476538	115319	55893313	127890	56209725	106557	56583533	159560	56973929	129991	57379567	119563	57816381	91303	58134572	148072	58497477	139285	58836422	118291	59151421	146432	59574562	175884	59944370	109407	60227914	161759	60667505	116380	60974671	139801	61286010	144160	61615823	141526	62000727	118601	62431034	129200	62764105	147830	63242370	68792	63550008	138078	63946891	103470	64318161	92068	64595706	126185	64956367	130803	65283569	103331	65609581	145265	66036345	142153	66396083	108820	66762794	149353	67142816	79092	67393252	93112	67786738	126611	68150100	110343	68511742	125873	68941065	171985	69337130	105512	69719026	120782	70123790	137616	70497445	139000	70933010	95391	71273491	147187	71649081	104329	72016145	116674	72358847	142336	72751912	93338	73013382	157163	73355023	89280	73669513	109545	73960618	134681	74301038	133690	74743220	98683	75042455	168396	75450479	140386	75861248	135173	76230526	115033	76544984	101587	76891880	92649	77201092	75151	77491108	105236	77841272	128073	78286977	122218	78630151	161026	79048209	104179	79346150	171174	79700725	81430	79995763	91618	80386048	180577	80915836	128142	81387086	156869	81743274	158060	82208754	65117	82495512	118061	82851131	144180	83305476	97931	83644696	102303	84068457	143645	84359929	151194	84732249	105858	85087425	115650	85392978	112626	85823190	155635	86271827	143113	86659838	127964	87047131	122221	87445319	85611	87722973	111236	88076587	144679	88448112	164069	88754259	172504	89211129	155229	89679488	127089	90063058	175148	90419648	105596	90826139	154902	91175905	116242	91536646	90674	91845011	156980	92205130	96916	92466266	117028	92861477	120305	93298236	172525	93704211	63983	94026314	130136	94335062	116944	94728789	153715	95161856	144002	95474563	126324	95888230	145419	96249264	90003	96618819	83102	96953425	122849	97287039	141307	97691076	112912	98036367	122022	98444565	119487	98835392	128322	99213199	121017	99570485	135004	99942443	123578	100330535	115908	100643442	109953	100930119	97224	101238353	123460	101556869	81176	101896498	122326	102237166	159835	102707998	124911	103045218	119318	103406867	114959	103821708	128033	104226274	109211	104536997	141827	104914013	139079	105282248	76542	105633938	133906	105997596	143093	106369722	77233	106651466	127586	106955933	85374	107321783	178210	107693151	127529	108044633	139308	108383748	104211	108696141	144270	109122431	119725	109458350	92692	109793144	98605	110059353	92886	110522921	100820	110802556	118779	111110836	139656	111448149	106103	111800729	107499	112133815	115866	112521336	162868	112883452	116707	113192498	110456	113441304	122756	113831814	108712	114253878	156626	114705059	55380	114966642	134596	115391228	150743	115776628	106798	116154438	156233	116662154	124084	117046642	155511	117459923	102183	117823558	123121	118195374	128129	118592014	80740	118927437	120303	119311160	95919	119626327	140382	120053113	103718	120354161	114233	120682273	156910	121132814	140010	121552244	146441	121925968	118167	122247120	167007	122658820	166437	123106850	178673	123493335	73205	123775246	113093	124177601	68338	124501648	149258	124894230	86495	125156341	113171	125488759	104620	125866279	123942	126247236	115830	126625102	114297	127042054	134287	127473985	130292	127907182	150382	128227794	140330	128658418	123744	129021422	118036	129297815	101370	129629860	118731	129976234	118919	130337254	141392	130725415	104066	131142234	132665	131572687	135508	131911837	97631	132279107	112576	132644683	145803	133016934	149670	133384213	122305	133829086	144055	134170198	73874	134554580	106678	134886892	133649	135234797	144255	135587941	123601	136043149	123684	136425479	112774	136791361	144010	137092191	124113	137553830	123213	137907427	116733	138267510	73925	
296883	91760	733285	53144	1203863	111550	1592061	70005	2002725	95420	2439729	68452	2944007	94948	3543089	66569	4001709	90166	4369987	80232	4856588	94882	5279656	81208	5666927	54351	6069780	64808	6451554	86385	6772958	58589	7285208	90573	7716060	79031	8134497	104675	8555187	73164	8898408	95240	9362183	96696	9929572	66049	10305658	105412	10728268	101201	11106230	69973	11604295	85437	12034695	111462	12523445	70516	12935013	95524	13393826	76889	13891424	74678	14238434	102879	14752783	85124	15156980	38556	15509265	51655	15846735	91517	16234967	85999	16558664	69912	16952382	70566	17373079	64762	17837926	88266	18152797	93951	18556575	104952	18967249	95860	19352255	72878	19683589	71901	20014225	65063	20448601	93548	20930948	100813	21343042	81042	21816291	77864	22360415	92538	22894807	81333	23148463	71592	23551208	86155	23979082	82826	24361655	125435	24921757	90631	25332039	54026	25732190	86981	26257519	71210	26612442	82043	27046536	68871	27483339	88337	27918602	76049	28221601	92632	28497420	88102	28939802	96309	29415324	100305	29807329	85322	30304320	92764	30848029	80010	31334685	90925	31705738	106824	32155066	61292	32560910	92227	32957137	57788	33367834	89814	33846380	78938	34312470	93677	34692371	103655	35114933	98287	35658401	72569	36016555	77674	36447910	87075	36817838	77922	37213489	106936	37818086	82360	38231196	72714	38572626	98078	39005337	59474	39417855	84742	39766526	87549	40251000	88940	40563815	63684	41098123	70896	41371510	73649	41733403	79756	42162998	92473	42689042	92471	43134574	105521	43561509	83137	44172112	111705	44739174	111028	45005669	90363	45562274	103538	45934628	55674	46282864	65634	46716325	70275	47071327	69326	47464419	96972	47904753	44336	48051470	86459	48507283	59288	48921571	82074	49379379	88938	49717594	105427	50180073	83144	50588694	76024	51077868	79997	51542526	102903	51884258	52358	52287438	100615	52822680	63187	53254085	72131	53814327	89920	54327839	95038	54760948	91387	55224208	54946	55514322	62119	55818523	104865	56333969	92038	56743035	72963	57238996	86921	57770672	90132	58256166	69095	58736618	67654	59150310	80266	59610181	90024	60008041	75577	60404244	81915	60884805	87250	61277958	84340	61740907	78144	62160211	121436	62550075	94409	63036187	112227	63429340	91273	63863079	74931	64290259	74126	64705546	72254	65096361	72022	65489657	88546	65986700	78722	66392869	81043	66893635	52941	67238172	87990	67611025	79700	68093537	63863	68443143	101808	68803657	85667	69189622	69412	69481060	94407	69943614	87028	70373663	89880	70851087	68419	71196531	70008	71457636	69919	71823504	80299	72267090	89889	72656397	87055	73115496	90309	73607036	75664	74055790	65484	74517521	97181	75028358	92115	75545410	89763	75933544	74590	76287285	96736	76763061	65749	77120989	73987	77612827	84494	78117808	71497	78497796	110481	78834598	53309	79177488	79578	79654734	83715	80089930	78445	80538661	57797	80923920	63877	81284855	70579	81741247	101679	82238580	88019	82752477	76790	83112757	109605	83612821	93264	84014585	113390	84513476	102685	84944004	89069	85466835	121415	85936055	68577	86311115	100064	86686612	79913	87138946	67697	87495073	112342	87982390	69435	88371709	63502	88814703	96545	89184508	88704	89712098	95492	90082496	111091	90541686	94356	90904338	80406	91254185	62952	91790425	69994	92131630	54403	92563817	112092	92848882	112614	93354339	73720	93715359	91578	94148544	79849	94490969	102830	95081268	75129	95482634	88414	95931789	70469	96399282	82249	96686307	36338	97087727	101651	97565528	88801	97977329	104841	98492118	99069	98838950	53698	99166905	70883	99601965	85265	100078934	55793	100474626	88153	100881520	76044	101222602	55377	101494328	92812	102080085	97789	102658875	106948	103113563	99825	103563942	73573	103958608	79111	104446068	97988	104912841	85031	105340184	106340	105806988	96612	106288137	111867	106790963	66189	107143738	68589	107640825	73154	108134786	94964	108604589	88366	109110139	65424	109557418	109522	109900462	81793	110248680	65336	110568366	79918	110888632	66729	111225450	55570	111597026	76474	112132402	107431	112614376	109004	113057425	93302	113539763	73476	114068803	76900	114521670	51650	114983962	69434	115485900	88608	115926741	83452	116317632	50368	116714955	60076	117155216	92259	117603782	118579	117981674	104824	118519785	110793	119042049	102936	119549739	90172	119964050	87226	120371775	70730	120646750	89269	121099399	113735	121569840	111003	122017824	99189	122400721	45466	122807968	103986	123249438	89552	123584070	85109	123928514	84744	124417555	74677	124776070	100590	125217919	70344	125620369	69188	125982924	68891	126333002	72748	126697753	77461	127227123	84115	127757451	78989	128077588	99992	128534201	91018	128957074	68507	129388125	103276	129820496	111558	130333687	83480	130761189	78302	131140100	82591	131504466	63175	131939675	90447	132384693	83560	132790830	96422	133157598	95750	133533070	58211	133864030	84545	134329088	84621	134733982	82914	135229531	88541	135741998	75498	136211470	131123	136756112	98651	137214959	89523	137585545	83001	138013642	56133	138375391	47294	
