20	10	3	10	160796903.713675	3908.455
1	17.464	2	24.132	9	16.454	94451	0	7	18.776	6	22.59	8	24.506	15287	0	4	18.264	7	20.898	2	21.746	64119	0	9	20.937	6	15.451	3	17.57	8674	0	2	15.085	5	22.232	0	19.341	52235	0	8	17.906	0	20.356	9	23.727	43112	0	4	24.372	0	16.527	7	24.115	37459	0	3	21.665	9	20.229	2	17.043	11937	0	7	21.794	6	20.762	2	15.586	61716	0	9	24.351	2	23.484	1	23.999	90166	0	901292	2.833
5	22.046	9	20.94	6	17.183	10691	0	2	24.991	7	23.499	5	19.373	3062	0	0	21.915	9	22.706	2	22.615	35555	0	7	24.531	3	23.831	2	15.636	71344	0	4	16.024	8	16.135	7	19.414	49716	0	9	20.834	7	15.31	8	20.983	56361	0	0	17.319	2	22.477	3	18.187	62831	0	8	23.068	9	24.652	0	19.754	26646	0	9	17.361	6	17.435	4	17.104	16358	0	2	24.748	3	23.497	9	24.916	14100	0	301597	7.032
5	24.935	7	19.779	3	15.655	1825	0	9	22.045	8	16.834	2	21.328	76528	0	7	19.874	3	23.502	5	20.336	32372	0	0	17.003	9	19.932	3	19.399	49675	0	5	19.4	3	24.078	4	24.428	55872	0	4	22.421	3	20.028	2	17.873	59170	0	8	16.972	2	24.229	6	18.282	13987	0	1	18.615	8	22.815	3	15.671	33358	0	3	15.653	4	21.344	1	23.96	66780	0	1	24.771	2	23.76	6	22.545	3953	0	446251	6.169
3	20.539	4	16.747	9	15.626	94470	0	1	15.333	6	20.435	5	16.956	94937	0	9	18.376	6	18.653	3	24.143	15019	0	5	15.047	7	16.927	9	22.398	88265	0	3	19.251	6	16.048	8	18.627	31353	0	3	15.958	1	16.181	0	21.91	41731	0	6	18.707	0	24.565	1	24.934	77644	0	6	24.401	8	20.646	0	20.776	87135	0	9	18.99	7	17.076	2	20.41	98830	0	4	22.032	8	16.25	9	20.929	68244	0	1249451	5.251
8	15.736	2	24.246	5	22	5951	0	8	18.612	3	19.257	9	17.526	1647	0	5	15.242	9	17.673	3	23.272	1001	0	6	20.16	7	17.195	0	21.688	94079	0	5	23.99	4	22.479	8	22.073	50979	0	1	18.96	3	16.474	4	22.477	9166	0	4	17.982	2	15.864	1	16.085	48674	0	6	16.526	2	21.203	0	15.918	69231	0	8	15.291	1	21.221	3	21.735	23798	0	6	22.011	4	21.164	3	17.793	93418	0	306416	5.423
1	20.609	5	20.203	0	21.896	6800	0	7	16.425	4	23.734	0	24.967	65500	0	2	19.68	7	23.288	4	15.275	72795	0	9	21.13	0	21.018	3	15.381	65332	0	1	21.788	2	16.649	5	17.532	35635	0	1	22.338	9	16.739	5	20.476	71399	0	9	17.787	2	16.312	8	18.945	14547	0	0	18.962	3	16.862	5	21.317	39558	0	0	22.144	9	17.668	8	19.472	41962	0	1	19.766	9	20.741	4	22.196	68433	0	403883	4.399
3	17.83	9	22.25	7	19.119	51332	0	4	24.68	6	20.535	2	20.553	3420	0	9	20.551	0	19.629	6	17.548	25156	0	3	24.397	5	21.008	0	15.003	91376	0	3	18.372	9	16.4	5	22.328	81382	0	5	21.83	1	15.825	6	16.966	56433	0	3	24.423	2	19.965	7	15.083	27465	0	0	18.93	8	15.189	5	21.596	66679	0	7	21.87	9	16.914	8	18.902	81273	0	0	21.791	9	18.953	8	24.697	56298	0	597599	5.048
4	21.215	1	23.368	2	22.519	85829	0	9	20.234	1	21.393	2	19.753	94386	0	8	22.976	5	24.724	0	20.635	6128	0	9	15.478	0	17.245	4	19.306	21241	0	7	24.48	4	16.854	5	20.076	82659	0	6	16.63	5	19.557	1	15.394	91748	0	8	22.575	2	20.842	9	18.778	94635	0	5	22.074	2	15.848	0	16.638	57224	0	8	23.929	5	19.931	1	21.458	24909	0	3	20.333	7	23.609	1	24.989	94324	0	1234326	9.908
0	19.996	9	18.503	1	22.939	56348	0	7	17.357	1	22.216	9	18.383	83998	0	7	22.34	9	21.876	4	21.357	40533	0	2	17.062	3	23.154	1	15.434	92044	0	0	16.278	3	23.843	6	21.961	61315	0	1	23.873	8	24.826	9	22.962	75425	0	4	22.074	7	15.827	8	23.428	62901	0	3	19.207	1	16.275	0	20.655	62577	0	5	24.777	0	20.446	6	15.157	9911	0	2	23.919	5	19.422	0	17.429	91962	0	422977	7.378
7	19.691	2	16.483	0	18.653	94688	0	6	23.254	0	15.331	9	19.398	56378	0	1	20.371	5	18.325	6	16.462	16958	0	6	17.454	8	15.278	4	22.42	20732	0	8	16.248	1	18.804	2	16.314	87940	0	1	24.23	0	16.399	7	17.722	5271	0	0	16.762	7	21.897	8	22.667	30343	0	8	17.6	3	23.693	9	17.281	3996	0	9	21.238	1	23.003	0	22.742	21217	0	6	18.21	9	18.373	4	20.489	75438	0	514962	9.84
7	15.901	9	24.204	8	16.965	4031	0	3	18.326	8	19.89	5	20.458	17026	0	6	17.877	5	15.223	7	20.101	56084	0	1	24.777	0	24.646	2	17.535	95315	0	5	15.304	8	17.881	7	20.273	14751	0	9	24.875	5	20.62	0	23.381	77295	0	7	20.986	3	17.688	0	15.496	49029	0	4	22.383	6	24.832	5	23.174	75448	0	4	22.344	3	19.01	8	21.716	20724	0	0	16.724	7	21.917	9	17.128	67910	0	934211	3.903
3	21.456	1	18.84	2	15.764	25754	0	9	24.051	3	16.427	5	21.086	96994	0	1	15.765	6	24.936	4	24.826	26018	0	8	20.904	4	19.873	9	20.758	97794	0	9	19.673	7	18.403	8	21.443	39574	0	0	20.56	3	24.098	8	24.117	36408	0	9	18.354	0	17.084	6	17.288	91210	0	6	19.315	3	17.216	7	20.715	47186	0	7	18.21	6	17.013	2	19.408	3147	0	8	17.511	6	20.752	7	17.253	48983	0	369922	9.146
1	24.528	4	20.274	2	20.422	74208	0	4	15.083	3	20.332	8	20.462	68245	0	4	16.006	8	18.198	2	18.788	28725	0	9	22.969	5	21.072	8	19.378	28759	0	5	23.854	9	17.776	0	15.364	62146	0	8	23.651	7	24.683	9	20.354	76009	0	1	20.925	2	22.14	4	23.502	49564	0	4	17.683	7	24.166	0	19.046	18184	0	1	19.009	2	20.686	9	24.093	26357	0	3	22.233	0	18.035	5	15.844	45821	0	373810	2.43
5	19.676	2	23.545	8	17.138	40112	0	1	24.948	7	23.679	5	24.012	89269	0	4	21.049	1	20.996	7	16.615	90095	0	9	18.515	4	17.56	0	17.987	30007	0	0	24.159	5	16.244	4	18.585	31888	0	3	21.479	0	20.266	8	22.718	97194	0	7	19.755	0	19.095	5	17.569	66216	0	3	23.594	2	20.19	8	24.023	85173	0	0	15.15	2	20.788	9	24.787	24806	0	7	23.095	2	16.432	3	21.72	92044	0	586004	5.986
1	24.633	6	16.257	7	20.127	32187	0	0	18.619	9	22.581	1	24.131	29194	0	6	16.289	4	20.214	3	22.04	90725	0	8	19.98	4	22.984	6	23.208	74573	0	3	24.132	4	23.601	9	17.84	50019	0	9	21.859	4	24.183	8	17.04	2844	0	7	15.313	9	21.413	3	23.7	66141	0	0	21.108	1	21.315	4	19.938	14205	0	1	22.76	6	20.353	4	19.216	93167	0	6	24.175	4	21.196	8	22.822	90443	0	487517	5.032
0	20.801	1	23.31	5	16.575	47236	0	1	19.932	2	17.101	3	18.101	51970	0	4	23.834	5	22.605	1	21.358	74196	0	7	22.781	0	15.77	2	16.31	17830	0	1	24.235	0	24.278	9	15.593	12684	0	8	18.289	6	19.918	4	19.393	31047	0	1	24.653	6	18.257	0	16.762	81302	0	0	19.374	9	18.195	5	15.452	97448	0	7	16.781	6	20.23	2	16.83	43568	0	8	18.884	0	19.724	4	16.771	47469	0	427018	4.128
2	15.404	1	15.825	4	24.939	23462	0	3	24.662	0	17.205	6	19.086	81305	0	9	15.297	2	17.328	1	15.807	19715	0	2	19.665	6	24.04	4	23.979	89749	0	3	15.19	4	23.862	2	15.721	98146	0	6	20.4	2	22.188	1	17.735	15370	0	3	18.404	2	20.824	1	17.538	4776	0	7	18.951	9	23.939	0	23.995	53598	0	0	20.499	6	18.019	4	24.676	18536	0	8	19.198	9	22.949	5	23.607	71333	0	560240	9.078
8	16.184	7	19.94	2	19.574	57569	0	4	19.136	9	16.858	1	23.348	57462	0	8	24.388	1	23.386	7	24.246	7927	0	7	17.741	6	16.983	5	21.88	42610	0	4	24.734	6	21.844	0	23.358	22213	0	9	23.896	4	23.866	1	23.192	45550	0	1	15.834	4	22.032	6	21.859	17995	0	1	15.371	6	17.835	8	16.967	51492	0	6	18.422	3	22.198	5	19.788	25158	0	0	19.295	9	22.559	4	18.458	93233	0	753964	2.795
3	15.205	7	21.143	6	21.594	57171	0	4	24.165	8	24.25	3	21.482	77591	0	4	15.824	9	18.731	0	24.087	59325	0	4	22.815	1	22.187	9	23.715	63627	0	9	22.83	4	19.496	7	24.725	76280	0	7	16.768	3	23.562	2	19.325	64832	0	5	19.911	0	19.262	2	17.747	34751	0	4	16.746	2	23.793	9	19.734	23596	0	2	21.917	0	21.909	9	20.408	21882	0	9	24.782	8	21.697	6	19.404	1714	0	882211	2.504
7	17.02	8	16.551	0	15.382	71753	0	6	16.019	1	17.043	4	18.179	79944	0	2	22.593	1	18.428	9	18.738	64391	0	6	24.722	3	17.042	1	24.519	7048	0	7	17.707	8	15.775	1	15.428	19680	0	5	20.183	8	22.544	4	24.98	75666	0	9	17.085	0	16.834	1	15.331	73461	0	6	15.248	1	15.183	0	19.963	28377	0	5	20.618	6	17.664	4	19.499	29935	0	3	15.827	1	20.701	0	19.204	19240	0	321134	6.283
443271	0	128917	0
373299	0	99087	0
432807	0	67519	0
681136	0	71254	0
408458	0	99758	0
616361	0	119539	0
709775	0	53419	0
626764	0	125778	0
596039	0	73393	0
514952	0	116570	0
