Instance20PP10Act3Res10TResMinUnc0.0MaxUnc0.0Seed5.dat
80620	60684	60506	8796	87873	42312	18334	28522	34224	55860	
40007	49566	30389	88952	28171	83784	95715	11822	60185	42622	
84567	3525	72248	95468	77199	31480	77727	35442	92233	36061	
1662	19118	21701	62834	51540	67674	41774	1185	33241	97646	
67135	70791	59571	36761	83674	95295	52842	20307	9719	36580	
69350	86328	6929	87671	26636	70498	50067	70357	21791	11389	
37693	80103	41258	24714	34667	76405	2615	24238	45376	92467	
28952	86188	43933	64817	17026	9040	92456	77117	51626	15254	
95809	73229	61643	7088	38459	65323	83852	15104	22435	65003	
28308	25205	31625	54862	26361	98364	86548	37409	84040	42298	
54943	55978	13862	13190	96806	11834	5867	53923	54634	70721	
68460	6280	6878	83381	14455	9035	50712	74209	50176	28207	
57159	30015	5668	5998	80778	1200	63892	91276	90461	29719	
5316	97472	13932	16143	1820	94945	28968	9363	29748	4433	
84738	65008	48981	64558	78376	26988	37836	88494	53343	70393	
54683	44320	3572	94339	18712	61106	90251	60020	85823	76497	
57021	25390	61090	69315	61369	56576	27043	3212	79886	71466	
75125	52216	12764	76915	24973	45272	20948	86186	20927	81144	
66289	80286	89224	45516	60375	37350	49734	82579	14272	20566	
54420	5895	67336	4465	40805	83368	78734	82506	19199	6594	
389837	119748	971004	119748	1552171	119748	2133338	119748	2714505	119748	3295672	119748	3876839	119748	4458006	119748	5039173	119748	5620340	119748	6201507	119748	6782674	119748	7363841	119748	7945008	119748	8526175	119748	9107342	119748	9688509	119748	10269676	119748	10850843	119748	11432010	119748	12013177	119748	12594344	119748	13175511	119748	13756678	119748	14337845	119748	14919012	119748	15500179	119748	16081346	119748	16662513	119748	17243680	119748	17824847	119748	18406014	119748	18987181	119748	19568348	119748	20149515	119748	20730682	119748	21311849	119748	21893016	119748	22474183	119748	23055350	119748	23636517	119748	24217684	119748	24798851	119748	25380018	119748	25961185	119748	26542352	119748	27123519	119748	27704686	119748	28285853	119748	28867020	119748	29448187	119748	30029354	119748	30610521	119748	31191688	119748	31772855	119748	32354022	119748	32935189	119748	33516356	119748	34097523	119748	34678690	119748	35259857	119748	35841024	119748	36422191	119748	37003358	119748	37584525	119748	38165692	119748	38746859	119748	39328026	119748	39909193	119748	40490360	119748	41071527	119748	
364791	141948	917542	141948	1470293	141948	2023044	141948	2575795	141948	3128546	141948	3681297	141948	4234048	141948	4786799	141948	5339550	141948	5892301	141948	6445052	141948	6997803	141948	7550554	141948	8103305	141948	8656056	141948	9208807	141948	9761558	141948	10314309	141948	10867060	141948	11419811	141948	11972562	141948	12525313	141948	13078064	141948	13630815	141948	14183566	141948	14736317	141948	15289068	141948	15841819	141948	16394570	141948	16947321	141948	17500072	141948	18052823	141948	18605574	141948	19158325	141948	19711076	141948	20263827	141948	20816578	141948	21369329	141948	21922080	141948	22474831	141948	23027582	141948	23580333	141948	24133084	141948	24685835	141948	25238586	141948	25791337	141948	26344088	141948	26896839	141948	27449590	141948	28002341	141948	28555092	141948	29107843	141948	29660594	141948	30213345	141948	30766096	141948	31318847	141948	31871598	141948	32424349	141948	32977100	141948	33529851	141948	34082602	141948	34635353	141948	35188104	141948	35740855	141948	36293606	141948	36846357	141948	37399108	141948	37951859	141948	38504610	141948	39057361	141948	39610112	141948	40162863	141948	40715614	141948	41268365	141948	
72282	80774	703383	80774	1334484	80774	1965585	80774	2596686	80774	3227787	80774	3858888	80774	4489989	80774	5121090	80774	5752191	80774	6383292	80774	7014393	80774	7645494	80774	8276595	80774	8907696	80774	9538797	80774	10169898	80774	10800999	80774	11432100	80774	12063201	80774	12694302	80774	13325403	80774	13956504	80774	14587605	80774	15218706	80774	15849807	80774	16480908	80774	17112009	80774	17743110	80774	18374211	80774	19005312	80774	19636413	80774	20267514	80774	20898615	80774	21529716	80774	22160817	80774	22791918	80774	23423019	80774	24054120	80774	24685221	80774	25316322	80774	25947423	80774	26578524	80774	27209625	80774	27840726	80774	28471827	80774	29102928	80774	29734029	80774	30365130	80774	30996231	80774	31627332	80774	32258433	80774	32889534	80774	33520635	80774	34151736	80774	34782837	80774	35413938	80774	36045039	80774	36676140	80774	37307241	80774	37938342	80774	38569443	80774	39200544	80774	39831645	80774	40462746	80774	41093847	80774	
115408	60910	800467	60910	1485526	60910	2170585	60910	2855644	60910	3540703	60910	4225762	60910	4910821	60910	5595880	60910	6280939	60910	6965998	60910	7651057	60910	8336116	60910	9021175	60910	9706234	60910	10391293	60910	11076352	60910	11761411	60910	12446470	60910	13131529	60910	13816588	60910	14501647	60910	15186706	60910	15871765	60910	16556824	60910	17241883	60910	17926942	60910	18612001	60910	19297060	60910	19982119	60910	20667178	60910	21352237	60910	22037296	60910	22722355	60910	23407414	60910	24092473	60910	24777532	60910	25462591	60910	26147650	60910	26832709	60910	27517768	60910	28202827	60910	28887886	60910	29572945	60910	30258004	60910	30943063	60910	31628122	60910	32313181	60910	32998240	60910	33683299	60910	34368358	60910	35053417	60910	35738476	60910	36423535	60910	37108594	60910	37793653	60910	38478712	60910	39163771	60910	39848830	60910	40533889	60910	41218948	60910	
241186	110787	817941	110787	1394696	110787	1971451	110787	2548206	110787	3124961	110787	3701716	110787	4278471	110787	4855226	110787	5431981	110787	6008736	110787	6585491	110787	7162246	110787	7739001	110787	8315756	110787	8892511	110787	9469266	110787	10046021	110787	10622776	110787	11199531	110787	11776286	110787	12353041	110787	12929796	110787	13506551	110787	14083306	110787	14660061	110787	15236816	110787	15813571	110787	16390326	110787	16967081	110787	17543836	110787	18120591	110787	18697346	110787	19274101	110787	19850856	110787	20427611	110787	21004366	110787	21581121	110787	22157876	110787	22734631	110787	23311386	110787	23888141	110787	24464896	110787	25041651	110787	25618406	110787	26195161	110787	26771916	110787	27348671	110787	27925426	110787	28502181	110787	29078936	110787	29655691	110787	30232446	110787	30809201	110787	31385956	110787	31962711	110787	32539466	110787	33116221	110787	33692976	110787	34269731	110787	34846486	110787	35423241	110787	35999996	110787	36576751	110787	37153506	110787	37730261	110787	38307016	110787	38883771	110787	39460526	110787	40037281	110787	40614036	110787	41190791	110787	
688845	122958	1501055	122958	2313265	122958	3125475	122958	3937685	122958	4749895	122958	5562105	122958	6374315	122958	7186525	122958	7998735	122958	8810945	122958	9623155	122958	10435365	122958	11247575	122958	12059785	122958	12871995	122958	13684205	122958	14496415	122958	15308625	122958	16120835	122958	16933045	122958	17745255	122958	18557465	122958	19369675	122958	20181885	122958	20994095	122958	21806305	122958	22618515	122958	23430725	122958	24242935	122958	25055145	122958	25867355	122958	26679565	122958	27491775	122958	28303985	122958	29116195	122958	29928405	122958	30740615	122958	31552825	122958	32365035	122958	33177245	122958	33989455	122958	34801665	122958	35613875	122958	36426085	122958	37238295	122958	38050505	122958	38862715	122958	39674925	122958	40487135	122958	41299345	122958	
106761	82791	898384	82791	1690007	82791	2481630	82791	3273253	82791	4064876	82791	4856499	82791	5648122	82791	6439745	82791	7231368	82791	8022991	82791	8814614	82791	9606237	82791	10397860	82791	11189483	82791	11981106	82791	12772729	82791	13564352	82791	14355975	82791	15147598	82791	15939221	82791	16730844	82791	17522467	82791	18314090	82791	19105713	82791	19897336	82791	20688959	82791	21480582	82791	22272205	82791	23063828	82791	23855451	82791	24647074	82791	25438697	82791	26230320	82791	27021943	82791	27813566	82791	28605189	82791	29396812	82791	30188435	82791	30980058	82791	31771681	82791	32563304	82791	33354927	82791	34146550	82791	34938173	82791	35729796	82791	36521419	82791	37313042	82791	38104665	82791	38896288	82791	39687911	82791	40479534	82791	41271157	82791	
580723	109900	1317661	109900	2054599	109900	2791537	109900	3528475	109900	4265413	109900	5002351	109900	5739289	109900	6476227	109900	7213165	109900	7950103	109900	8687041	109900	9423979	109900	10160917	109900	10897855	109900	11634793	109900	12371731	109900	13108669	109900	13845607	109900	14582545	109900	15319483	109900	16056421	109900	16793359	109900	17530297	109900	18267235	109900	19004173	109900	19741111	109900	20478049	109900	21214987	109900	21951925	109900	22688863	109900	23425801	109900	24162739	109900	24899677	109900	25636615	109900	26373553	109900	27110491	109900	27847429	109900	28584367	109900	29321305	109900	30058243	109900	30795181	109900	31532119	109900	32269057	109900	33005995	109900	33742933	109900	34479871	109900	35216809	109900	35953747	109900	36690685	109900	37427623	109900	38164561	109900	38901499	109900	39638437	109900	40375375	109900	41112313	109900	
177614	134291	922342	134291	1667070	134291	2411798	134291	3156526	134291	3901254	134291	4645982	134291	5390710	134291	6135438	134291	6880166	134291	7624894	134291	8369622	134291	9114350	134291	9859078	134291	10603806	134291	11348534	134291	12093262	134291	12837990	134291	13582718	134291	14327446	134291	15072174	134291	15816902	134291	16561630	134291	17306358	134291	18051086	134291	18795814	134291	19540542	134291	20285270	134291	21029998	134291	21774726	134291	22519454	134291	23264182	134291	24008910	134291	24753638	134291	25498366	134291	26243094	134291	26987822	134291	27732550	134291	28477278	134291	29222006	134291	29966734	134291	30711462	134291	31456190	134291	32200918	134291	32945646	134291	33690374	134291	34435102	134291	35179830	134291	35924558	134291	36669286	134291	37414014	134291	38158742	134291	38903470	134291	39648198	134291	40392926	134291	41137654	134291	
501993	112928	1125715	112928	1749437	112928	2373159	112928	2996881	112928	3620603	112928	4244325	112928	4868047	112928	5491769	112928	6115491	112928	6739213	112928	7362935	112928	7986657	112928	8610379	112928	9234101	112928	9857823	112928	10481545	112928	11105267	112928	11728989	112928	12352711	112928	12976433	112928	13600155	112928	14223877	112928	14847599	112928	15471321	112928	16095043	112928	16718765	112928	17342487	112928	17966209	112928	18589931	112928	19213653	112928	19837375	112928	20461097	112928	21084819	112928	21708541	112928	22332263	112928	22955985	112928	23579707	112928	24203429	112928	24827151	112928	25450873	112928	26074595	112928	26698317	112928	27322039	112928	27945761	112928	28569483	112928	29193205	112928	29816927	112928	30440649	112928	31064371	112928	31688093	112928	32311815	112928	32935537	112928	33559259	112928	34182981	112928	34806703	112928	35430425	112928	36054147	112928	36677869	112928	37301591	112928	37925313	112928	38549035	112928	39172757	112928	39796479	112928	40420201	112928	41043923	112928	
