50	5	3	5	127290781.179406	4892.598
42850	1948	95579	107295	22570	
82324	31067	50073	34255	22820	
76608	47487	91041	46368	33543	
49636	82992	124664	1734	85111	
57870	1067	15184	76959	12087	
81781	19163	32712	47840	81236	
46694	99643	26282	56841	69389	
39561	63873	13802	81240	32026	
12198	86524	73025	12667	22152	
102111	14830	30217	80070	26215	
44288	97124	58095	45348	40448	
72397	53372	15419	41408	27840	
20060	58426	76640	67662	18266	
53565	10637	84143	34981	25547	
19520	14459	75176	75526	2976	
70222	23856	57028	77756	26779	
33218	36217	60777	13459	34828	
117296	38739	89531	13880	16521	
39792	67935	81697	83243	78033	
77691	48146	57404	1775	28902	
13979	45125	90555	31679	17727	
85994	4203	91149	52566	90628	
17403	15721	14316	105672	47154	
56246	16684	85438	51865	72427	
55195	57169	8558	63406	53100	
59604	32657	39494	62291	32184	
2232	66675	13561	14603	67674	
39466	73585	57882	57006	8678	
76821	42262	39567	132434	84847	
69961	91213	67740	33430	66940	
50949	55202	60074	4144	83913	
74519	42954	16203	93240	107157	
51678	402	7802	41462	25670	
97395	101932	76122	21566	71359	
22919	96631	79610	76720	41689	
13475	75809	69993	105231	102738	
943	20504	474	24019	82689	
18103	109242	58166	48099	105528	
20741	14869	84180	26767	39203	
721	29638	57287	74323	15843	
72508	17468	36299	78364	37441	
6582	12528	2464	12455	61395	
31790	63652	22539	10305	76050	
36251	75681	65029	6671	29246	
85706	80162	78892	40238	1149	
89053	78400	4933	30188	76798	
50727	31117	10871	75924	122571	
69060	59774	10842	35921	50931	
11619	80237	94048	29396	36949	
78555	19024	75554	74998	25084	
468992	80235	1145936	67635	1737520	68256	2319407	41126	2963594	57214	3616832	75535	4512985	88583	5321914	60018	6091133	49775	6781977	66392	7592125	35760	8328583	55397	9046317	61274	9453061	74427	10429833	72769	11195995	52338	12097619	85183	13058325	63262	13666515	54169	14308980	80101	15092973	83958	15812567	75950	16361620	55869	16925321	89149	17689922	82146	18429344	70082	19236771	58779	20067782	53885	20799570	87665	21580593	58501	22469033	71605	23272177	67748	23966109	83669	24713676	31815	25537425	92984	26268360	100804	26984223	79955	27910690	61248	28653361	80495	29645456	50241	30233257	75715	31105088	58656	31977257	95992	32840861	82239	33619745	72342	34319253	61774	34889998	77073	35630663	73414	36341726	64332	37096442	77257	37780357	71279	38521428	59850	39163359	45623	39924389	73921	40719629	80844	41284916	67093	41949480	103212	42491413	76179	43219750	65596	44100077	59895	44853877	50949	45536640	55923	46480498	51195	47176337	76764	47880366	56258	48653111	55670	49385828	62964	50103375	63059	50964959	47250	51912747	51559	52747143	69822	53715185	69042	54641566	57923	55234653	50118	55842309	73304	56315230	47497	57008781	74952	57751389	73565	58382060	55674	
37256	102686	674513	185437	1375266	163602	1957158	61552	2571555	133458	3150316	94381	3660634	139835	4235375	118293	4773491	105352	5206909	119335	5686458	116175	6356509	125284	7072082	110702	7791748	148481	8388269	56176	9019960	133740	9734883	156267	10361687	178863	11040597	141592	11681313	178520	12347318	139762	13020422	190388	13718287	164151	14440648	205759	15194517	151760	15903464	129085	16421192	162398	17158775	124644	17865699	178692	18631316	145847	19378991	171552	19997828	148287	20516263	103072	21081945	146815	21665437	144347	22401951	177323	23194099	183817	23980892	138186	24627225	137165	25147579	114766	25872118	126511	26493146	120415	27102081	152037	27796074	121040	28386075	116730	29038775	89457	29791396	182930	30560811	113824	31046481	78698	31646261	141285	32459254	114074	33053978	150579	33809427	146383	34478805	140522	35238932	96260	35923226	178077	36566069	120083	37250677	115807	37928652	173674	38703463	199428	39418714	83235	39992741	172741	40553745	183569	41193636	160901	41934627	135431	42648789	130851	43464769	137587	44136717	143992	44732580	110059	45442674	123266	45922880	161010	46646071	150173	47327893	163515	47870070	166597	48688887	154768	49362975	135837	49888974	84240	50574221	130306	51303469	164347	51986120	49653	52342103	134765	52867213	116226	53610953	127065	54143761	160071	54705875	149551	55243471	102427	55736027	168303	56401696	112973	57093855	145353	57934297	167923	58742996	106956	
530143	64219	1100074	40106	1804457	78135	2447636	59494	3191064	50862	3869899	63231	4610850	52353	5301800	73208	6129642	66466	6838926	45291	7788681	57099	8482014	59344	9081810	64166	9811680	70209	10402276	25245	11225864	63473	11778005	29925	12388709	57943	13050597	71688	13743956	61717	14341111	57944	14980848	49923	15472264	65073	16284985	58860	17027476	57350	17853862	32447	18406111	48939	19124613	46079	19873542	59030	20727409	47735	21362517	56628	21849208	60081	22637674	57559	23337487	52768	24099180	38409	24603281	50791	25256889	56704	25816545	56576	26579060	61600	27357808	31518	28227241	56736	29129259	58734	29805027	57482	30710395	64570	31240922	73493	31967966	56718	32849830	51532	33311231	66149	34009538	78167	34819590	50663	35484547	59228	36037649	60321	36740817	62242	37417287	56462	38083859	50657	38830468	63397	39284030	59976	40067649	51465	40802369	61470	41586960	54609	41965186	53686	42671095	47311	43317616	35198	43906401	43817	44534983	76787	45210519	48253	45948399	49100	46777910	52578	47457957	45575	48153963	67793	48981948	59164	49661122	47472	50266566	54115	51214323	43134	51761817	36655	52248083	65545	52800131	35924	53370740	45830	54196534	53842	55042847	74832	55646855	62609	56373261	76901	57128262	66825	57940149	63461	58755334	54424	
137364	93466	503463	107158	995094	135953	1616565	122741	2033251	134317	2574825	101605	3148538	99003	3701915	62185	3993098	100252	4454169	106133	4949524	102190	5454830	134734	6027275	98196	6658408	122060	7104935	81555	7555700	146389	8058174	143438	8587340	120096	9129938	100278	9565496	111832	9981962	133449	10653411	114423	11125532	102665	11649648	141514	12335987	121887	12880856	119711	13317136	114010	13968914	133528	14394654	126756	14952090	136010	15563353	148405	16164939	140500	16762816	95936	17278584	141296	17759634	97107	18368314	94598	18854558	120235	19357299	120226	19728677	132894	20195345	151849	20751545	81847	21326947	174343	21929928	108817	22405082	101686	23159127	174984	23759934	118090	24254340	136382	24958510	103171	25574802	163730	25977795	104147	26455598	98798	26823237	143310	27487137	128137	28106428	155716	28707837	88737	28973038	76012	29422740	87950	30021582	158043	30467859	116101	30877356	120060	31399941	147643	31930891	133969	32564402	140714	33249239	117539	33862404	98987	34390308	108435	34886793	140182	35507158	144981	35862756	132632	36342157	122863	36961113	67579	37354724	130217	37949852	118617	38443706	120823	38969787	160196	39506829	119128	40060171	118606	40688050	148680	41253999	123745	41926608	142023	42403052	85110	42876827	140620	43381803	121252	43921260	116994	44412668	142637	44852635	117980	45405064	139703	46025816	150929	46601241	117643	47102187	104747	47564067	64661	47873795	149958	48360696	113447	48793862	128086	49245271	116003	49819181	124983	50252022	131707	50796629	136147	51355416	115574	51915422	101364	52377981	118296	52943005	134204	53548879	137308	54138290	131928	54620830	117241	55056951	118244	55490770	117938	55956871	91071	56446902	116597	56880901	126287	57419489	142294	57948875	139122	58548509	153506	
76082	129029	509003	120745	1149526	138179	1743819	123936	2307320	145542	2782763	112622	3148700	109501	3669573	119156	4051312	108306	4428428	137048	4811408	136062	5225667	174815	5765655	112459	6311394	156984	7057682	139798	7679691	144191	8215440	96071	8730888	85673	9098956	148751	9734352	149834	10412015	168911	10821836	159283	11344856	130187	11814275	146905	12249535	167872	12754457	110475	13328753	115878	13672602	100071	14085562	169074	14578015	123224	15194785	160469	15661489	165879	16191697	113268	16506655	162994	17086331	145005	17486774	173009	17974301	147852	18472146	115958	18861429	86667	19228710	172269	19640211	155235	20152033	128679	20697807	111386	21198328	209110	21739290	53990	22100054	99752	22514793	145006	22900175	123988	23203351	107198	23664810	152320	24154694	131248	24830335	164816	25317407	167980	25989855	128230	26441223	131104	26916438	121266	27418785	109124	27871970	156210	28327740	135900	28877134	126136	29369243	143125	29781448	114595	30197135	106161	30710217	158999	31132189	128615	31668646	167018	32310938	116995	32874448	107803	33402471	121531	33860467	165127	34383094	132815	34843013	135843	35332824	149983	35791486	178189	36258553	129522	36714818	139860	37305682	100791	37740265	115735	38232120	152530	38674585	131262	39155316	138145	39644589	129353	40127445	92526	40552227	167345	40967496	126867	41597905	109774	42041990	86044	42475306	121375	42943134	136259	43460058	127059	43866616	175519	44317518	143622	44678962	193937	45279973	177682	45800084	154880	46255541	75681	46706814	107828	47233963	129685	47792528	147555	48302473	146819	48789744	135868	49227759	160871	49734447	127793	50253732	121551	50671419	147020	51188092	155419	51522664	108854	51982356	83651	52462844	139146	52965566	146612	53450809	142116	54007374	123227	54502314	130169	55038124	123933	55525643	143734	56132246	126568	56721634	125524	57202596	128406	57816050	129398	58255553	133109	58692751	144354	
