20	10	3	10	9270091	
2	42509	3	26330	1	73188	104749	11172.306	3	41094	4	28895	9	54610	112159	12694.898999999999	6	36798	8	43963	3	35735	118462	18386.414000000001	6	26143	1	57322	0	43401	157454	27597.708999999999	8	45531	1	56795	3	25989	124727	21739.219000000001	7	17494	2	31361	8	55268	120437	16776.224999999999	7	30813	4	25187	3	25112	149928	22821.641	8	42321	7	31532	6	22399	162632	38394.023999999998	9	54309	3	41924	7	23081	110413	17012.971000000001	8	60236	4	27693	1	62696	154800	27739.049999999999	2867269	0.048000000000000001
3	41102	9	42358	8	50873	133894	25082.617999999999	0	39567	2	32523	9	45782	140317	20332.419000000002	1	62581	8	51312	6	23073	104914	8248.6990000000005	2	34544	5	40202	7	16396	123958	13174.466	5	46019	6	24356	4	22485	117834	10705.587	7	34405	8	48025	3	28308	162387	28976.647000000001	9	50045	6	20892	7	17018	154410	23233.594000000001	2	35495	1	71853	5	33934	157591	28220.326000000001	1	54724	3	23370	0	32629	158184	27747.311000000002	1	72662	3	24658	7	31748	147789	26675.876	2283895	0.042000000000000003
4	23364	5	40302	0	28537	126534	12540.386	3	33974	7	31267	2	29411	114586	15047.969999999999	1	70263	6	25378	7	23896	162132	31221.955000000002	4	23393	9	55593	2	31835	163061	32681.478999999999	7	33579	3	31203	4	18969	126365	18275.59	0	36519	5	44748	7	24405	120105	18855.420999999998	0	33535	8	45576	2	32935	150969	18960.264999999999	4	28062	1	65313	2	28770	125254	19447.451000000001	2	32046	4	31151	3	40656	143373	23596.5	8	55584	2	47657	7	21554	112110	10388.117	1583817	0.042000000000000003
7	30761	0	38895	8	55688	155688	21076.101999999999	2	47725	0	30422	1	68391	141610	27655.155999999999	2	31296	8	56201	4	34858	139529	19791.723999999998	7	26039	1	59951	5	36617	112745	11283.209000000001	6	28949	9	53495	4	23426	163245	29074.561000000002	5	39294	0	28740	2	46151	111629	15009.076999999999	7	30913	2	40693	6	21481	116161	15376.511	6	23722	5	35287	7	28532	113501	9855.0810000000001	7	22118	5	41387	3	36675	119200	11855.441999999999	7	17166	2	44441	0	32510	123158	17945.429	2049817	0.13500000000000001
6	18372	5	33694	4	21944	120754	14651.1	9	45302	2	28945	0	41107	154903	21785.258000000002	2	41796	8	59812	4	30952	114267	13401.842000000001	4	22624	6	26887	3	25717	103987	11013.58	9	56144	0	38692	5	44377	162962	25723.09	2	48293	5	42458	4	26733	143154	17255.850999999999	9	54367	1	62290	8	53562	137182	28341.764999999999	5	32582	8	54995	3	38406	132647	21420.382000000001	0	29430	2	44484	3	27089	105971	15444.748	6	21549	1	68419	8	41420	149531	25145.623	1858903	0.081000000000000003
5	37310	3	29617	6	17595	144075	23302.352999999999	2	31459	9	54183	4	23785	100548	13731.196	2	38709	8	48402	4	23154	161766	30992.352999999999	3	31039	8	50460	1	61469	116606	13811.525	8	51635	6	19418	2	38293	151273	29087.255000000001	9	56966	1	69896	5	41919	117487	15437.375	2	31875	0	40244	1	63846	159399	36146.212	1	72500	9	59713	4	29646	146948	19027.698	6	30447	3	24010	1	61771	140184	17088.209999999999	9	58709	7	26676	4	20684	106643	14165.682000000001	2479087	0.10199999999999999
9	48757	7	15582	8	57084	144532	24841.357	8	50231	6	26448	4	26858	151010	20223.013999999999	3	41335	8	53793	7	34128	106137	12986.66	8	59090	3	26181	0	32084	108494	8791.1460000000006	4	34677	7	25377	0	34577	137309	16694.204000000002	1	71034	9	51359	8	53057	163052	37936.455000000002	0	40055	4	35983	5	30598	107446	13138.781999999999	8	50396	6	36706	4	21353	135078	24856.139999999999	5	46578	9	46111	8	51567	149928	17713.723000000002	2	39440	8	47253	7	31751	136680	15929.816999999999	1618444	0.053999999999999999
1	64411	0	40768	6	26523	127168	15354.815000000001	0	24594	9	43627	4	32161	152760	28632.857	9	56737	1	64031	7	15934	105769	8983.8349999999991	2	32419	3	35062	4	18295	118070	11266.181	1	71419	5	29078	3	39214	158185	26496.912	8	42133	9	57669	7	29393	130329	21609.911	4	27159	6	21958	0	36385	120786	15665.828	6	19488	8	51702	7	26955	121409	15925.236999999999	8	59396	9	46902	1	59650	118475	14052.692999999999	9	50731	8	54827	7	32366	112233	17669.674999999999	1793100	0.14099999999999999
8	53097	5	30425	4	25419	128947	21124.290000000001	3	30285	5	32745	1	68344	118429	14628.848	2	38504	9	57105	0	44038	159553	28178.021000000001	3	37946	4	27519	1	57734	126261	20925.73	9	53715	7	30964	2	43214	102801	11572.209000000001	1	64725	5	36822	0	33415	115556	11000.843999999999	5	45876	7	23947	6	33823	145333	29620.734	1	69827	3	35414	6	37169	120296	18832.984	9	60094	5	45935	1	64771	100000	12044.004000000001	7	25478	8	52578	5	38302	117506	11472.853999999999	1622566	0.089999999999999997
4	20550	3	24751	5	38038	106446	15429.911	1	53928	8	61000	5	34752	129904	21648.543000000001	5	33497	1	61836	4	19057	122606	12981.398999999999	4	24505	7	27362	6	31674	157828	26931.807000000001	2	43033	8	47898	7	26393	161774	27181.914000000001	2	46820	4	26698	3	39040	122525	20287.945	8	50064	6	23815	7	31507	139393	21169.687999999998	1	64499	7	23033	2	44678	106275	8819.7469999999994	1	54809	6	34383	8	49102	104129	7763.4579999999996	6	17879	2	47547	1	72561	138301	16053.228999999999	2287971	0.129
0	41700	1	69874	6	20020	143637	19176.306	1	66821	2	38017	0	39577	128527	19787.504000000001	6	30199	7	18630	8	60765	107436	9638.6700000000001	5	42259	6	34082	8	44460	108919	13146.181	4	24264	7	20498	9	59828	155099	22820.813999999998	7	28022	9	52727	5	36070	126611	22165.174999999999	2	32219	3	33986	6	33426	127865	14196.102999999999	8	49439	1	64836	0	24990	157276	22182.805	7	23121	4	20708	1	54502	150190	28634.625	8	44564	7	33342	4	18775	113543	10171.398999999999	2141155	0.096000000000000002
5	34909	4	28215	2	28930	132671	24364.894	3	26351	7	17351	4	25879	141463	18219.061000000002	8	56324	6	29711	7	27941	138575	20574.683000000001	8	54348	5	32343	3	38689	131789	17660.849999999999	2	34535	8	46074	1	64123	147482	28597.728999999999	5	28048	8	55549	2	43574	146268	27019.010999999999	9	47554	1	60489	4	27808	136306	19654.382000000001	7	19177	8	59396	2	33498	133655	16304.700999999999	1	72585	2	28753	3	32913	144531	23023.464	3	38883	1	60553	2	40184	105740	10129.481	2089894	0.108
3	41581	5	47065	0	28746	115496	9963.2739999999994	2	35517	1	67386	9	49264	154233	35242.218999999997	4	26642	6	36582	2	37522	125080	19624.732	8	56981	1	62911	9	50682	140602	18981.686000000002	9	59745	4	18522	5	27176	157520	24412.630000000001	8	50551	7	15607	5	46082	133896	15281.492	4	25720	8	52774	0	27254	159913	25020.578000000001	2	38040	6	26570	5	40941	159241	36540.718000000001	8	50688	4	16824	2	29469	122517	17821.009999999998	1	61741	4	34253	0	29743	141277	27190.66	2744609	0.039
0	29340	5	34330	8	46839	146120	29444.812000000002	9	50077	7	21585	4	26428	113956	17477.194	1	63647	2	42762	3	36499	155281	19064.393	0	41047	3	37354	6	24456	110618	14766.978999999999	4	18980	8	54987	3	26139	125945	12230.294	8	44608	9	48031	0	35410	142427	20064.365000000002	0	26170	8	53135	2	29044	136844	19909.723999999998	8	41321	5	34455	7	23953	146253	31410.088	7	31361	6	29273	8	45544	132127	20472.503000000001	7	32038	1	72845	6	23620	116335	10321.984	1947400	0.081000000000000003
2	35503	0	38538	7	26651	124154	20289.206999999999	9	46827	4	28553	7	26112	120097	16438.444	2	42310	4	33834	3	41798	127140	20607.459999999999	8	59014	0	33273	6	21317	142121	25500.579000000002	4	21586	0	37079	2	39984	113388	10041.416999999999	2	38257	9	42349	7	22366	127115	12457.173000000001	4	18369	9	59119	2	33596	164707	39331.927000000003	9	52310	3	26193	8	52469	113972	15223.789000000001	9	50624	4	19751	6	28918	118462	18216.59	7	15727	2	34832	6	18425	115705	12013.308000000001	3122084	0.084000000000000005
3	27388	6	20563	1	69537	143127	22441.642	7	16912	8	52781	2	34577	160991	27574.775000000001	0	29316	8	47689	6	33663	126508	18488.502	9	46233	1	61884	0	32305	133994	27129.895	4	35999	7	27690	0	27273	100068	13380.843999999999	6	35641	1	65381	7	21555	127688	12468.808000000001	8	46739	1	72408	6	37469	110255	14662.099	6	32793	5	37921	4	20178	106350	14542.281000000001	6	29093	4	30880	5	38624	117060	13272.566000000001	4	22914	7	29766	2	30102	122574	20175.303	2750651	0.089999999999999997
9	48869	0	31330	5	27685	143917	30619.991000000002	6	18573	5	44019	8	45246	114123	15295.929	7	19316	6	28341	5	41195	156321	24394.948	9	54649	3	30810	5	46970	143255	18182.703000000001	0	33214	1	68199	2	39243	145069	22457.440999999999	5	40333	2	47528	6	29351	108398	16890.77	5	42246	1	65173	3	40964	148961	18352.077000000001	4	26411	9	40528	7	34208	114835	18816.273000000001	9	57953	7	19661	4	24171	107633	10812.004000000001	3	25466	0	25225	5	45023	143758	19375.134999999998	2242291	0.071999999999999995
3	31149	2	30275	9	56102	122204	21869.597000000002	5	46740	7	25742	0	40037	163798	38827.411999999997	4	28975	6	21717	9	49106	122194	20116.044000000002	1	64768	2	30253	0	33171	138516	17239.315999999999	3	35697	6	30229	8	60670	125605	14851.254000000001	9	43379	4	19896	5	36785	113974	14720.23	5	38022	7	26170	8	45368	157961	29748.291000000001	8	58088	0	35078	9	55738	111591	13770.5	1	68488	0	38361	7	22080	107098	13719.314	3	23120	7	15575	8	44354	123327	14275.748	1917586	0.096000000000000002
9	57220	2	33771	7	24734	114333	10829.065000000001	5	36022	9	53609	2	45063	137352	25305.213	0	24734	7	18173	2	34350	101471	11979.107	9	40480	0	39728	7	19739	116937	18017.788	6	25089	7	23865	4	21331	156038	22028.763999999999	2	38274	1	57048	7	18880	120555	13754.832	9	52031	5	37701	6	19437	133615	15119.697	9	51875	0	34541	4	28709	120455	20538.238000000001	9	42462	6	35009	2	30057	125077	18521.267	9	47520	7	31624	8	47752	108223	9854.3590000000004	2319764	0.12
0	36152	4	34624	5	38522	131508	20177.998	4	28909	7	26680	6	35853	152254	33834.824000000001	7	19744	8	45035	9	50989	150284	31411.669000000002	3	38859	7	21597	1	63054	128022	21739.954000000002	9	52103	6	36314	0	41526	100029	9101.3469999999998	5	31403	4	22080	6	24569	108683	12262.624	8	56924	2	43427	9	58151	156391	23176.011999999999	2	42596	5	28464	7	29695	116607	19150.531999999999	0	43048	4	27215	1	60218	102496	14315.749	4	24390	8	46381	9	53468	136566	26642.306	2007039	0.066000000000000003
997883	116890.822	276340	43410.101999999999
1094442	100760.622	321831	40104.709000000003
1387246	198731.37299999999	306336	63460.510999999999
1579181	289125.87900000002	242366	25318.133000000002
1332302	151527.56700000001	298675	66430.346999999994
1559866	266410.79300000001	252550	24193.238000000001
1262491	232711.758	210104	24303.942999999999
1594333	352603.02600000001	228058	36037.091999999997
1481673	326453.484	307254	69877.903999999995
1232610	177574.01199999999	219628	29024.853999999999
