6	5	3	5	1589756.6945685195	35.955272173582031
1	40267	0	16548	2	23618	76383	11533.996999999999	1	43472	2	28370	4	26012	92062	3220.826	3	36953	0	23878	1	35295	87927	13310.124	3	36401	2	21446	1	41706	71393	2313.087	0	33015	2	19938	1	32168	40397	5311.2179999999998	125807	0.045999999999999999
4	18428	1	35188	3	37067	39304	3256.7040000000002	4	11872	2	14377	1	29995	50121	1309.5429999999999	0	30475	4	11356	3	35224	77836	7021.9970000000003	2	18501	1	46975	4	18722	57172	6168.2600000000002	0	34233	2	23401	1	36846	34196	3034.1660000000002	292249	0.027
4	30216	0	18284	2	24175	57291	10907.780000000001	0	33348	3	33716	4	22186	79655	8858.0380000000005	1	37472	2	25059	3	48192	73702	3663.0500000000002	4	17986	0	25797	3	31541	74066	7418.5529999999999	4	24690	3	38872	2	16476	51703	8987.1460000000006	509577	0.035000000000000003
0	26239	4	18171	2	14524	95949	12048.777	1	34305	2	26311	0	25796	96437	2910.3110000000001	0	15740	4	29109	3	36440	85013	9016.0570000000007	0	23292	2	25243	4	21486	87202	11978.581	0	28449	2	20160	1	34452	87203	2535.4780000000001	332374	0.037999999999999999
2	21965	4	10988	0	29775	49765	8339.2919999999995	1	29589	2	17507	3	28706	86106	16966.458999999999	2	18723	0	18208	1	40417	71519	1526.7529999999999	4	14486	1	45022	3	33382	43201	94.673000000000002	0	21965	3	37582	4	29994	80029	15238.305	517069	0.027
1	48891	2	15334	0	21893	72737	1552.52	1	38098	3	36183	4	22701	95469	11039.892	0	18540	2	22664	4	26604	41622	3341.674	2	13123	0	16918	3	29956	41990	2752.2710000000002	4	24798	1	34338	0	27451	83680	121.44499999999999	364148	0.049000000000000002
834820	110371.526	160576	10286.197
1027728	132467.79500000001	208096	39311.512999999999
658477	25935.373	80337	5056.2870000000003
575469	69509.320000000007	129906	5066.1769999999997
684083	105558.234	161332	16690.413
