20	10	3	10	151419256.035136	3870.2704
2	21.202	3	19.952	4	18.426	32839	0	6	18.576	3	19.077	9	21.105	89379	0	4	15.454	9	22.252	0	19.528	35145	0	5	22.035	8	15.794	3	20.548	34036	0	1	19.501	0	20.996	9	23.19	78214	0	4	21.094	1	16.365	9	15.466	89466	0	8	15.727	5	18.843	9	17.134	89855	0	0	15.131	8	15.08	3	15.49	36175	0	9	21.7	4	16.106	6	21.968	8099	0	0	20.665	3	17.502	4	23.069	15836	0	493263	3.096
0	24.326	7	18.457	9	15.699	82174	0	4	18.226	7	21.029	3	16.779	42112	0	8	24.205	7	24.08	9	20.106	68122	0	8	15.544	2	24.756	0	19.254	15442	0	8	22.371	1	19.135	7	23.154	84075	0	9	21.354	1	16.552	7	19.264	45392	0	3	22.952	1	15.609	8	17.621	17355	0	6	15.6	1	20.89	2	18.759	21845	0	5	15.578	8	17.7	6	20.707	24403	0	5	17.508	4	17.365	1	19.912	74436	0	424492	8.341
7	20.911	3	22.261	9	22.727	87712	0	4	20.578	1	23.163	3	24.9	70432	0	5	16.748	1	16.147	0	24.46	12023	0	4	20.711	5	19.521	0	24.888	62348	0	4	19.462	0	16.136	2	15.039	73368	0	3	19.577	9	22.163	8	15.781	2604	0	6	21.7	5	20.953	7	17.627	10310	0	5	19.678	7	21.932	1	21.092	54190	0	9	22.167	8	15.453	1	15.258	31595	0	3	20.053	6	16.34	8	23.254	84003	0	763169	4.43
7	19.1	6	20.083	4	16.113	79240	0	2	17.852	8	15.778	1	19.432	30797	0	6	22.717	2	20.293	9	24.518	4312	0	7	20.106	0	22.324	6	17.084	24948	0	6	22.249	8	16.291	2	21.824	96716	0	3	18.739	0	20.221	8	19.824	10501	0	6	18.156	5	17.85	9	15.225	78067	0	2	17.608	8	19.255	4	15.598	16091	0	0	15.993	1	24.619	5	23.853	67783	0	5	18.87	0	17.294	9	19.622	16546	0	748851	7.89
2	22.723	1	18.937	7	15.058	47792	0	7	23.481	8	18.203	9	23.073	76016	0	3	22.564	1	22.461	9	22.284	78244	0	1	16.067	3	20.088	0	24.184	5074	0	0	18.335	1	17.753	8	24.888	47206	0	7	17.676	9	20.464	2	24.744	53135	0	1	17.127	5	21.351	9	24.452	62969	0	6	15.766	0	15.423	2	20.403	59204	0	2	22.988	4	20.97	1	18.582	47854	0	5	16.158	8	15.189	3	18.105	86171	0	286341	9.626
3	21.942	2	23.054	5	15.675	9885	0	1	23.729	8	21.746	9	20.775	55643	0	6	18.055	4	23.273	1	22.707	33109	0	6	17.998	9	17.229	3	16.828	72086	0	8	17.809	0	16.322	9	15.683	72663	0	6	22.392	3	20.666	4	19.64	57632	0	4	15.981	5	18.988	9	20.247	89348	0	0	20.621	3	23.003	8	22.77	70274	0	3	15.041	2	15.895	7	16.472	46166	0	0	20.218	9	22.104	1	17.046	21035	0	874104	9.473
9	23.186	6	19.988	1	15.612	93152	0	8	21.788	3	17.135	0	19.186	4718	0	9	24.754	7	22.827	4	23.367	55096	0	1	23.503	9	21.613	8	20.828	47021	0	0	22.713	5	23.198	6	18.509	80042	0	8	24.85	0	21.707	9	16.962	8306	0	1	21.922	8	20.934	6	15.029	7199	0	5	22.329	2	19.462	0	22.858	33694	0	0	22.791	6	23.258	3	18.402	87794	0	2	19.219	5	17.678	6	15.751	85267	0	953846	7.881
1	24.062	9	23.627	0	21.35	7331	0	8	15.869	1	16.669	4	21.335	70211	0	2	24.657	3	15.106	5	21.263	64788	0	3	24.345	1	15.623	0	15.077	72376	0	5	24.329	8	22.789	9	19.463	76569	0	4	18.808	1	18.981	7	24.55	31059	0	8	21.537	4	23.423	7	24.167	11147	0	3	20.122	1	21.493	0	23.839	70249	0	8	19.777	4	17.095	7	24.359	6719	0	2	17.404	7	15.201	4	15.89	18188	0	704679	2.499
4	22.086	1	19.349	8	15.673	20064	0	4	16.509	1	16.442	6	23.153	50812	0	1	23.749	5	22.43	9	20.982	20547	0	6	24.782	1	16.87	5	21.554	1284	0	4	16.699	5	21.973	9	20.949	7971	0	3	19.169	5	16.247	9	17.359	94392	0	4	16.094	7	24.276	2	17.174	62179	0	4	23.239	6	20.593	0	18.094	20361	0	1	23.054	7	15.821	6	24.777	50615	0	5	24.837	8	22.191	2	20.17	33521	0	529234	1.005
6	16.639	7	22.611	1	20.959	10827	0	6	21.646	0	22.554	1	17.697	40508	0	3	22.878	6	22.717	0	19.113	62576	0	2	20.094	5	20.836	7	20.455	80679	0	2	17.55	0	20.833	8	20.892	9493	0	2	23.052	4	18.047	7	15.823	22590	0	4	17.521	3	22.701	2	16.775	29357	0	1	19.228	6	15.549	7	15.903	3541	0	1	20.733	0	17.606	3	22.933	59641	0	0	24.283	1	19.555	6	24.422	6587	0	167460	2.223
1	18.626	9	16.402	3	15.394	16304	0	7	18.493	1	18.976	8	17.342	55794	0	9	22.264	1	23.557	6	19.547	8740	0	7	21.817	8	22.577	6	24.019	64392	0	2	15.94	9	22.04	6	16.926	44627	0	4	24.261	2	20.289	5	16.61	22553	0	5	17.094	6	17.559	1	17.103	22967	0	2	15.488	7	22.804	9	19.88	31830	0	8	24.342	7	18.177	1	16.671	46412	0	9	23.066	0	23.033	4	17.495	98072	0	619183	7.003
2	19.102	9	17.025	5	23.033	69404	0	5	18.618	6	22.931	2	19.657	89665	0	0	16.53	8	17.27	5	22.78	71707	0	4	15.234	6	18.59	5	16.218	22093	0	4	22.428	0	19.412	1	22.031	28153	0	9	21.649	5	19.83	1	21.455	95357	0	9	20.282	4	23.97	2	16.185	17501	0	7	22.562	4	17.871	9	20.104	58945	0	3	22.631	1	18.271	2	21.112	56514	0	6	24.8	7	21.821	9	15.214	35004	0	410434	3.014
0	21.516	7	19.164	3	17.898	18846	0	6	16.3	9	20.061	2	24.302	4028	0	7	15.558	6	23.316	9	19.784	69500	0	4	21.777	5	21.118	1	24.861	28200	0	4	16.706	8	22.18	2	21.153	5564	0	8	16.055	0	20.939	3	16.265	86730	0	8	22.898	3	17.321	2	17.323	22471	0	4	17.27	1	23.442	7	20	20994	0	8	22.746	4	24.056	7	22.088	87402	0	8	20.672	6	23.05	5	24.47	7831	0	700671	3.073
2	23.072	8	22.65	3	16.869	76366	0	0	24.937	7	21.182	6	18.716	36119	0	4	23.562	5	18.15	2	24.285	36412	0	3	19.463	1	18.691	5	24.66	9971	0	9	23.134	4	15.861	1	23.12	54152	0	9	15.756	7	20.823	6	23.367	32947	0	1	17.9	5	19.339	2	17.759	11080	0	6	16.362	9	17.821	0	16.111	92833	0	8	23.719	0	18.013	2	21.036	27520	0	5	19.012	2	17.394	7	20.03	69291	0	339485	7.795
4	21.819	8	21.324	3	16.925	95809	0	5	18.162	2	23.561	7	20.121	4245	0	0	24.175	3	18.598	5	20.829	93966	0	7	21.035	6	16.968	3	17.598	80378	0	8	20.18	2	16.058	7	24.828	44252	0	0	18.055	1	19.882	3	21.912	52863	0	9	22.947	6	20.832	7	18.644	69387	0	4	23.988	0	19.13	9	19.465	33109	0	1	22.821	7	21.056	8	24.099	29719	0	4	16.957	7	22.026	6	18.237	30770	0	402476	5.3
2	21.464	4	19.535	1	16.704	92781	0	4	24.978	5	22.331	2	15.246	86305	0	2	24.054	4	23.691	1	20.823	92475	0	8	23.995	6	19.47	5	15.129	93243	0	7	17.234	9	18.013	0	21.61	86606	0	4	18.283	8	17.534	9	22.789	64725	0	2	18.854	0	24.496	1	19.458	9918	0	1	16.335	6	16.638	7	22.651	47622	0	5	16.622	3	23.301	1	23.794	87041	0	3	18.671	9	21.599	5	19.997	82594	0	602081	5.319
9	23.26	1	16.782	3	24.948	48319	0	2	15.383	6	16.188	5	22.779	32711	0	3	23.903	1	22.58	6	19.805	24467	0	4	20.827	8	20.654	6	18.845	75184	0	7	16.928	1	24.829	4	23.231	40467	0	9	19.02	5	23.339	4	16.353	28980	0	6	20.31	5	20.568	7	15.065	76273	0	9	20.246	2	22.227	4	15.021	97023	0	2	23.381	4	19.46	9	16.299	90678	0	0	16.106	5	22.123	8	16.302	15487	0	523233	3.862
6	20.89	5	16.625	7	19.416	17486	0	4	22.358	1	23.094	8	23.777	26307	0	0	15.219	9	19.057	7	18.148	96460	0	6	20.059	2	16.578	0	23.246	40523	0	9	24.301	5	16.942	3	18.425	47191	0	0	19.047	6	16.245	8	22.729	62132	0	4	16.821	1	17.877	2	17.536	76414	0	4	17.916	3	24.118	5	19.071	58132	0	9	22.497	0	16.074	6	20.151	45753	0	3	16.257	9	16.711	2	23.963	20313	0	321415	7.877
3	18.492	5	15.527	0	16.322	79534	0	9	21.87	5	16.372	2	22.368	77382	0	2	20.559	7	16.654	1	18.02	95900	0	8	18.487	5	19.214	1	23.058	61794	0	8	15.193	3	15.325	1	15.406	78622	0	7	15.896	6	22.597	1	23.704	48661	0	4	20.672	8	16.337	6	18.84	8558	0	3	16.91	1	16.237	5	19.694	49836	0	9	20.393	2	23.62	0	19.65	62190	0	9	21.429	5	20.635	6	19.716	85544	0	1290209	9.046
5	24.823	1	15.367	8	15.124	96377	0	0	19.379	4	16.751	7	20.887	89218	0	5	19.041	3	15.395	2	16.948	11744	0	7	21.212	9	19.164	4	19.774	93310	0	7	22.395	9	22.995	3	18.885	49683	0	4	22.644	8	23.222	7	15.922	80319	0	0	21.63	1	24.138	7	16.504	61055	0	7	21.416	0	17.327	1	24.589	69193	0	8	22.317	4	17.895	5	16.059	66990	0	4	15.959	9	17.708	5	18.856	65385	0	1112370	1.042
608018	0	114501	0
673090	0	143252	0
467810	0	68682	0
549001	0	97825	0
270062	0	89021	0
637690	0	129699	0
542485	0	104697	0
481420	0	115433	0
492363	0	66989	0
695081	0	79549	0
