10	10	3	10	40412575.874237	1955.8046
23489	100129	33222	14525	2667	39698	7897	444	73645	53884	
78268	23369	126458	59643	70146	59273	74009	11507	53531	47501	
18078	89685	16303	19841	26285	16045	21231	86481	64178	34899	
13445	5821	104179	31452	64313	95769	27345	86992	57716	43279	
86079	10867	44457	90394	20392	32732	42288	49256	30022	26631	
76008	5024	85737	37600	26831	110012	25251	25435	30118	16694	
11689	50700	90900	18723	8120	6581	52276	84367	11462	103599	
42224	55024	19691	60840	48654	5446	87756	41002	53122	26372	
99237	17005	96916	52894	11601	39934	74870	54794	56469	25275	
19612	53141	59604	1789	18012	43511	99108	65960	95774	22497	
119982	61797	482724	41883	1044518	50554	1410975	41819	1860541	41081	2210696	49662	2504889	49104	2948602	61511	3239084	43729	3713389	50753	4138134	42379	4573908	40845	4896057	49276	5156448	58635	5560536	55012	5917344	51379	6233625	45520	6625294	51995	7150775	36394	7505379	44518	7891952	49762	8260263	62316	8610908	45482	8937066	55979	9287207	68955	9664081	46950	10059050	29578	10354050	58631	10686087	50385	11016277	33357	11396461	61439	11778735	57835	12277876	55595	12583544	42330	13003660	61143	13380947	44101	13844097	46839	14196677	52042	14595827	37342	14928566	64146	15181591	42265	15501482	54647	15919238	62743	16248338	37497	16617924	40705	16996266	52811	17509790	39086	17806645	41084	18175416	55125	18647864	53883	18977665	62673	19377097	35187	19726247	61385	20181201	39632	20528096	37547	20865999	48738	21226420	39594	21698740	48282	22056049	32311	22342344	54631	22766259	56246	23171967	38856	23671430	53598	23954492	41444	24307476	54010	
285166	58427	739562	76148	1174765	80132	1674739	66462	2217090	68252	2616164	65629	3112565	82982	3619341	87115	4113550	68498	4530395	90908	4961227	85629	5423274	64911	5892733	72348	6393702	74886	6802285	89470	7381673	86390	7931091	63979	8619389	92203	8993593	81629	9334375	71534	9849167	87655	10321992	61402	10782345	97938	11251465	76550	11567872	70878	12002713	78709	12559060	89730	13047496	68467	13540561	79617	14107500	91621	14611914	86015	15035659	93583	15514318	85142	15868083	96421	16329614	67213	16918917	87701	17268748	79460	17730649	68882	18242588	68312	18776798	89340	19186162	91923	19722110	92758	20295042	79472	20647706	61820	20926497	59670	21482484	73512	21968242	107200	22276645	102936	22781430	31289	23137373	66001	23556829	59212	23961929	87318	
514761	69669	1081705	74844	1659021	74785	2122510	59460	2540246	72483	3114636	84315	3725278	73512	4429066	69142	4869509	92683	5446762	79391	5923165	70787	6440910	64210	6862335	49715	7351823	63635	7979353	100877	8406436	69271	8763842	94025	9254075	79206	9656558	89960	10195491	66621	10650125	91780	10961831	83103	11540668	71234	12084162	63177	12636828	97559	13102407	84838	13714629	65410	13920698	103152	14346559	76066	14951996	70692	15431859	40234	15984604	99525	16477286	84308	16939379	63690	17440121	81688	17964382	65815	18430605	91687	18964562	63775	19491665	86316	20003602	54916	20314203	68910	20869883	72721	21311634	71180	21890044	80782	22319043	89450	22615520	82229	23137811	62531	23679386	83323	24153572	55276	
408394	76827	981782	38100	1558496	72296	2248362	72908	2829188	72483	3441353	72491	4005231	92058	4555035	78892	5275051	76276	5785482	79921	6635795	71100	7284883	77854	7940595	54141	8504305	56465	9037007	69938	9846154	70735	10370197	87724	10799898	61162	11459309	71709	12029776	79680	12549002	84013	13136301	66875	13714847	54788	14492107	75519	15316386	53304	15926616	58247	16320390	60097	16962361	49313	17614105	48440	17981420	94000	18633739	77495	19335841	70693	19859587	48789	20499645	79465	21147879	54943	21721582	80960	22365480	59219	22936751	76519	23482003	52352	23908183	86898	24555184	68877	
162171	50427	608024	45900	1106686	37234	1555881	48156	1964930	53705	2480918	41632	3014304	48569	3369734	26820	3777922	42721	4272320	64629	4648173	49372	5066405	36043	5467063	52588	6050067	32168	6538812	53474	7007093	46209	7499340	55010	7925077	36456	8408029	54488	8834416	65227	9303419	49605	9622963	43898	10166987	55490	10500038	41916	10977942	43763	11231738	52628	11699189	59109	12235079	62455	12826622	42349	13191108	51035	13672298	50277	14349365	40763	14716167	44275	15179415	48103	15591037	71849	16011177	55427	16583428	57513	17000867	51206	17331715	59856	17663381	34394	18051621	36756	18496042	48537	18851891	57445	19408935	48841	19961509	60156	20446740	73156	20935702	46484	21356743	46202	21840071	50264	22312804	33773	22567851	48139	23018645	43631	23380784	48249	23808544	51325	24244439	45513	
0	98218	866302	135620	1437506	100875	2164430	81530	2835984	106516	3532930	189550	4370890	146338	4946400	127646	5761012	99637	6287907	133710	7144690	119515	7849747	142535	8616034	114507	9085279	120098	9802745	128104	10277051	121107	10924204	126074	11801442	126899	12432394	100625	12938338	115494	13510627	134571	14264970	73794	14862611	131007	15652516	117667	16340844	140998	17018624	137360	17605079	93065	18207644	83807	18894374	140224	19635372	118966	20329193	135520	21121164	91439	21838531	128272	22616304	136507	23236354	144418	23908243	138783	
344416	100286	1102430	72133	1797397	89656	2366529	129927	3018951	96722	3810296	86499	4357611	65900	5043978	89305	5556138	113373	6205799	135224	6776753	82215	7398739	78221	8168992	104181	8913548	136825	9488815	168838	10062043	91093	10640649	107752	11284846	116366	11775376	86952	12493235	107616	13165270	121060	13699516	128687	14638520	116423	15454312	70387	15952976	102791	16621215	143314	17269964	164936	18116399	60489	18546696	147003	19194133	107768	19903555	59276	20568396	85288	21255119	132130	22005418	67787	22852940	113420	23500391	135166	24292248	118907	
0	29976	309023	103405	624854	156385	973750	113141	1366340	158757	1874133	153726	2310255	167544	2761299	171494	3163915	120340	3427691	107591	3785640	150047	4276321	175776	4789377	167602	5267800	152828	5637050	122307	6097123	175486	6619676	123869	6955774	154239	7406485	100695	7860900	159541	8289024	144267	8660896	135233	8926530	149714	9334164	145319	9709981	134748	10100233	160010	10524864	121588	10901560	141647	11273611	100679	11648403	169307	12000264	159903	12435164	90079	12870229	134600	13365300	87522	13785472	128690	14122566	113734	14567629	141656	15024766	182283	15571783	124663	15934121	101804	16286282	164221	16789118	106485	17115940	104187	17502920	152003	17956952	171975	18360434	141955	18800613	138791	19220805	159972	19677238	164658	20112346	145927	20508630	146343	20788727	149262	21321615	99277	21686455	138152	22156763	122703	22640629	139183	23022766	140090	23444377	147781	23937288	122159	24376637	143791	
0	5951	581152	90549	1406197	85532	2096388	88153	2720532	111460	3267440	111554	4236582	108076	4984729	147649	5837438	147363	6571557	87568	7244208	103665	8065849	113243	8798736	125806	9583089	104432	10326507	122561	10900728	149811	11550078	154234	12325724	79156	12979268	134919	13696398	85176	14426892	130803	15140640	115672	15925681	128777	16649816	124841	17527860	108438	18416171	103517	19058445	72936	19801442	76444	20458447	93731	21093601	117598	21811661	107475	22565226	145000	23286393	88636	24013256	103291	
156308	85317	700996	62040	1270740	80114	1615618	73299	2137317	83363	2677198	91357	3230007	105074	3550653	88023	4131058	35015	4675328	89496	5319190	101999	5811133	53206	6367696	66106	6910844	85454	7419079	79192	8064844	96360	8571972	73817	9039781	73418	9500015	86380	10081199	87321	10437272	57459	10897478	60822	11213203	75155	11754482	55943	12401541	89302	12925382	58867	13366190	81445	13976234	94606	14611360	96621	15207648	69318	15732159	71539	16210286	89964	16668177	82743	17273114	73759	17640339	109631	18274815	82745	18865467	85580	19291981	64097	19879802	72371	20358987	74069	20811400	103757	21340898	78756	21805764	106257	22487964	93893	23072166	56211	23663474	72402	24217854	49166	24572120	78111	
