10	10	3	10	40412575.874237	1955.8046
18937	81633	27727	13146	3110	44654	6637	546	68030	44195	
87844	17784	131750	51115	53715	78711	88555	15014	34773	53011	
22813	109315	23363	22417	20907	15479	20829	73217	86463	40885	
17308	5452	87235	22228	81395	118503	43646	111645	71607	55655	
94584	8600	39104	70156	21101	28918	46466	41809	36297	29996	
90751	5768	110713	35925	23108	126150	37494	22377	31155	17020	
8378	39732	95155	38104	7976	8379	39743	115323	15767	91989	
32764	78353	26897	51792	90777	7109	90916	55122	30615	35171	
86816	23253	99438	32498	11478	49876	89338	51781	53894	24443	
19711	79263	34791	2850	11832	75281	66297	76877	106230	39621	
0	8802	299044	46091	586259	47427	912384	53613	1386773	50034	1886010	46300	2313042	54214	2736566	46231	3130618	44943	3536188	47843	3917718	69500	4434053	54436	4819611	52567	5259621	52164	5609846	51503	5987378	50304	6379066	51503	6728102	49340	7096149	46260	7600302	58236	7930595	53628	8231597	50582	8647998	58438	9070997	49616	9315741	67719	9608422	49216	9904064	53558	10168124	23354	10666732	63558	10975841	66533	11329252	46392	11664758	68937	12074641	46643	12457454	55352	12833894	37891	13114845	49990	13558486	44938	13912027	49428	14302404	65421	14665757	50909	15019851	48650	15445962	47450	15733696	35215	16139584	54541	16505651	54820	16908077	47071	17189358	49832	17596468	39022	18017497	56653	18321442	54191	18629530	53323	19007230	55899	19347531	38580	19572314	58722	20068402	49037	20377962	51935	20775031	48996	21156711	42701	21549827	44927	21992191	35854	22356912	52359	22702388	57585	22947904	69505	23265832	59807	23583897	75728	23963132	67521	24282868	55600	24627098	58636	25064373	62334	25390437	39171	25622110	57386	
303323	58377	856196	71317	1223960	82594	1746254	87810	2151132	70115	2558419	66897	3043606	91806	3520269	72033	4110329	84432	4699252	96926	5041601	64906	5570520	86338	6029532	74243	6497608	80011	6875607	74184	7399591	80211	7924437	74146	8431967	82133	8903469	93269	9372294	80694	9930732	68856	10320416	93348	10787403	64193	11198267	51773	11895234	88994	12406078	86342	12933241	109827	13361577	93279	13831688	75555	14293017	82476	14772652	102148	15191605	72768	15782770	112143	16260108	49712	16724982	78685	17118257	83483	17597976	114359	18049063	77683	18426830	49428	18925603	83710	19358906	75253	19770951	58955	20245911	66485	20772536	68685	21260126	76385	21809808	71037	22213556	47335	22582644	53480	22966582	65097	23366935	69551	23870727	58320	24253070	79050	24797070	65885	25232529	88328	
136341	82174	678136	50632	1227684	49865	1753573	101037	2260720	79728	2607752	88750	3069906	86164	3547465	71507	4077433	54387	4487998	69714	4938954	87287	5461346	62252	5900106	83558	6540230	71094	7060817	81500	7669308	87530	8200122	48759	8643329	68247	9108457	76838	9526482	72863	10029824	82025	10714698	65988	11152822	76854	11730234	65246	12273407	53619	12758940	85680	13310932	78551	13850232	87803	14255375	90387	14869092	61734	15310834	83387	15793727	57293	16215733	75170	16644730	56597	17072464	74583	17732141	66777	18341844	95606	18873379	85686	19339122	67284	19729120	92830	20216545	85450	20710381	87295	21115462	64581	21612128	56520	22015309	79225	22494706	83022	23040820	71714	23507298	84866	24196335	105261	24689260	63965	24995609	67216	25389055	91137	
457883	38587	886499	48713	1612096	68370	2387928	71231	2998734	57135	3592578	66642	4186819	88742	5017031	60435	5657552	51916	6259645	83228	6959518	63681	7446050	76254	8041301	58976	8686562	75284	9314141	93434	9886168	64738	10461139	67573	11007289	75151	11611621	66647	12204239	64872	13008997	73045	13643752	79810	14197817	69653	14754138	64538	15498184	70042	16053767	44030	16852450	76396	17391800	44875	17766656	100896	18481164	56714	18946727	53990	19456366	88515	20083799	76802	20690972	55117	21292856	64065	22060662	63679	22620650	70410	23408332	68032	23946614	89963	24547464	60110	25036757	56255	25620361	74004	
186080	52676	762596	45847	1200457	42016	1602143	56840	2022638	49209	2437732	55452	2953168	56012	3408202	46756	3867106	42117	4417367	50090	4876540	59585	5364044	37050	5835147	60579	6364883	59370	6833547	64202	7273275	58895	7805310	39943	8347962	38311	8798552	41446	9229252	57761	9637735	49398	10131187	60163	10559901	55782	10947993	51372	11347103	39704	11791925	41232	12217936	73895	12744104	52310	13343929	39389	13635468	39491	14002785	40902	14381675	41060	14882221	56743	15313939	60220	15910826	49927	16340828	50192	16873667	40529	17271122	37841	17708124	52556	18182996	39589	18678923	33939	19075140	48083	19511198	54455	19933885	39370	20359954	51921	20903625	41985	21289217	25069	21819375	67244	22269080	54659	22706122	29195	23119458	26884	23580833	67903	24015638	57885	24412636	38146	24852866	38036	25204637	48254	25583578	64569	
0	88755	601057	171643	1460657	120155	2031298	143808	2814253	94246	3401404	105879	4052159	74726	4703352	158109	5582947	94013	6600511	147784	7322963	153139	8015717	111016	8622798	151301	9568977	196132	10416384	117059	11126380	126702	12068473	135010	12954977	127246	13732821	141338	14288381	117401	15111790	141231	15714758	161784	16640413	134917	17305391	131366	17863504	164743	18461126	143443	19110261	91547	19831183	155119	20587721	123212	21351288	144412	22129024	151889	22894826	138420	23517855	132629	24247970	104492	24869869	157475	25724331	112257	
367056	149590	1073410	152200	1718079	115027	2432120	118787	3254498	176112	4013649	81545	4686090	115149	5502543	72528	6170272	93533	6749134	85825	7249656	132534	8176084	118137	8814729	94641	9482386	110804	10042690	120841	10762422	99793	11543600	80102	11980262	74915	12620491	124905	13362372	92533	13972368	47215	14703735	100125	15305753	118707	16119486	113561	16756479	124471	17407538	100918	18277116	116752	18992040	84992	19592114	104270	20132374	81253	20878654	121720	21691305	170931	22412968	64947	23031177	111665	23849672	101670	24672641	116712	25294965	137395	
117904	144587	520144	120885	858839	159340	1290135	123965	1710068	80248	2050653	141328	2521583	128740	2972284	135410	3247835	106983	3635692	159149	4121527	130517	4580412	191398	5046160	82307	5412686	139960	5857491	155478	6318461	191907	6797863	85500	7149069	79088	7507091	154298	7958814	130399	8376632	88828	8820885	116634	9320707	101238	9676729	134385	10045724	108150	10451008	137087	10795673	124294	11211851	120895	11558110	169613	12065754	111371	12311403	178344	12835682	113622	13178837	132813	13570265	90746	13953378	135892	14385280	170912	14752946	150024	15107650	130029	15522794	161415	16021076	120978	16467954	101899	16805244	112065	17255927	113743	17691466	134311	18134701	139484	18566667	108455	19027206	129726	19516044	134367	20000831	131706	20349699	107654	20695076	94361	21102635	146725	21509721	139142	21887763	158719	22350429	120878	22899432	198958	23404271	109108	23731337	119796	24118409	115536	24526520	154051	24960588	136663	25287428	181277	25745095	135429	
403619	95953	1066046	125091	1694567	130685	2349096	144194	3168996	112922	4013305	130482	4641248	113140	5244926	134518	6020675	93089	6985646	151658	7792696	93778	8464635	121231	9109818	107335	9815935	127145	10662836	120893	11399281	93787	12130800	129728	12840071	93625	13560150	118501	14133009	119822	14873996	138664	15569676	118008	16449217	117990	17416814	115339	18068540	107628	19020218	154711	19760692	130248	20329543	67161	21012519	137453	21730074	125228	22490666	110084	23222729	175245	24074230	110971	24579609	127009	25425488	156493	
223457	76677	728733	62009	1284140	62299	1907172	85333	2278512	69759	2820137	98923	3413025	39880	3805783	89977	4317464	77634	4994106	67807	5609315	69542	6168684	79468	6874338	71938	7532074	104698	7937832	61678	8270194	64478	8927999	45622	9162729	75215	9664651	46823	10117816	79180	10675145	94299	11218068	47105	11721754	69344	12153122	78236	12528475	95743	13042569	79551	13376394	61019	13938191	65139	14451405	81663	15107998	78323	15647009	71402	16260641	76760	16802607	91109	17262989	72222	17809289	76272	18387662	63092	18867644	66484	19230608	79358	19702987	86153	20242930	57797	20765415	64065	21276572	72599	21813208	89791	22385296	102852	22856147	79924	23286511	82741	23842168	66038	24265314	76960	24752111	79174	25279245	95171	
