10	10	3	10	40412575.874237	1955.8046
19824	85079	28677	18343	2323	40367	7947	377	59705	65204	
81838	18588	92849	91322	73035	71803	94989	8195	66504	36478	
13044	99540	20669	20125	23600	10734	18599	82943	112912	62379	
10161	5953	97893	29859	50593	104885	37586	65997	61646	33795	
96961	10924	33956	68579	22084	31217	30195	37803	30712	17447	
74673	9072	66680	29244	30984	84157	32850	17520	46078	13534	
11251	45203	99701	43554	8487	7194	51615	68104	13429	100847	
42115	36911	14883	49188	76989	5908	94555	33858	40395	34660	
93842	13783	76950	52603	13375	78238	53346	41156	55835	24985	
34583	37947	63530	2161	19246	90027	100881	72941	73751	30141	
183035	56240	520685	50901	892239	74480	1332947	33827	1734596	39565	2090381	35217	2425882	45025	2904617	36523	3318412	45758	3591211	55876	4002982	53265	4471425	62301	4761367	26377	5216274	43919	5530333	55219	6046154	73002	6404416	53277	6778906	67223	7179447	41002	7534083	42613	7881516	39204	8267846	72140	8564034	60950	9003110	64569	9454752	37171	9837741	48569	10228632	53811	10662209	53868	11035877	28338	11419856	51120	11796328	53263	12015014	51760	12410126	41062	12753098	48660	13104846	34572	13479096	39788	13857952	50399	14264550	65082	14711189	64450	15059135	58085	15498438	41062	15890915	53665	16282474	50484	16563464	41909	16853097	48777	17166325	52763	17586787	43338	18007529	47593	18482709	67187	18863284	45548	19359737	54363	19772776	55357	20087048	67933	20405077	35100	20663509	58309	21159387	63021	21431309	35032	21838728	54920	22184317	44806	22651856	49171	23110864	63437	
0	72988	517001	53666	941499	58948	1233243	77926	1599333	68895	1951374	105292	2245509	93705	2894479	68078	3285573	63655	3669826	74523	4182148	91937	4681548	56582	5148501	96292	5553185	85750	6064301	78380	6541024	91090	6986457	60941	7367156	51966	7849976	75418	8342640	46234	8765885	84887	9273837	80348	9689961	60661	10066742	67707	10513342	85478	11080086	95164	11627933	63384	12117508	33363	12520818	87519	12901627	89352	13382851	62605	13987078	49903	14339238	83355	14904840	72368	15322504	93729	15794191	95256	16337092	56274	16711062	78232	17067402	83723	17488814	105528	17949733	57857	18476352	83865	18997787	109651	19551160	77386	19891539	92051	20314405	71174	20786202	103317	21269670	91512	21726297	79223	22222498	85971	22625139	58190	23065211	95641	
17389	66026	455101	50559	995334	75515	1402461	87122	1955971	68662	2410820	86119	2775999	74864	3227391	57004	3715620	75674	4184621	105262	4633488	78387	5133058	61522	5640989	70300	6053893	83800	6520120	52984	6849349	67696	7274120	63751	7836558	68189	8229965	83568	8763681	105671	9368549	97107	9842478	55464	10327737	55048	10922929	60803	11398070	57089	11895145	69069	12474231	71389	12894275	65159	13341204	67672	13643814	71087	14067549	77909	14509235	98894	14915392	58780	15471945	66145	15854773	75670	16232351	67338	16656200	40687	17151577	86533	17585016	76922	18097942	67035	18481826	72680	19097882	58565	19481696	96515	19986459	52985	20484584	68087	20958471	75878	21634824	85030	22113888	84242	22610985	58598	23148204	48775	
544827	61470	1252692	102218	1747035	67742	2494111	65730	3199230	73159	3912365	80365	4525578	80780	5318113	80456	5820094	59697	6503193	61176	7083608	59623	7775610	69316	8331029	70099	8844547	77782	9565030	79814	10114921	69839	10822542	72666	11359520	62472	11874610	99298	12398124	52672	12925820	62083	13513851	81769	14040964	72861	14729164	61998	15470849	77511	16049153	78203	16718521	78327	17330944	59327	17764017	85851	18600055	45767	19091780	61005	19551124	69852	20276545	52439	20833801	72627	21478931	83564	22188646	70414	22888473	85977	
239520	48498	703545	55843	945461	48791	1373383	50057	1879813	50584	2382827	56453	2807642	37924	3124538	56240	3368462	36451	3958448	57640	4474411	59198	4920110	46825	5407792	48216	5755526	64394	6280595	57274	6608093	36504	7089638	60433	7667089	45122	8166356	45385	8632249	37382	8996191	74741	9441598	68052	9997103	44659	10411429	62563	10887716	62603	11269768	57058	11928077	32197	12401991	38629	12945280	47506	13225807	31458	13631050	41133	14052636	49283	14399937	36840	14909807	47972	15219055	43186	15697652	40221	16128367	41893	16627069	45010	16965577	42422	17347025	45227	17729966	41879	18299090	58672	18700666	56873	19222578	57603	19677758	58650	20233348	54155	20668908	51390	21178072	31516	21560836	55740	22082539	45102	22519245	52334	23125041	47879	
727040	118766	1479957	90918	2146227	125785	2854328	176422	3618889	124614	4362848	105197	5007699	169959	5576437	100694	6273800	137693	7001560	110626	7571326	148871	8349949	137714	9083755	97891	9851441	90475	10751845	113994	11482134	115619	12272320	120605	12847746	150593	13440346	139279	14121042	82340	14702957	119523	15258592	135310	15958006	145476	16810201	154470	17524790	186574	18141942	165887	19010138	151555	19767943	154794	20502261	171225	21163351	113016	21824123	92995	22309398	104641	23084412	119189	
14190	133964	751680	103164	1483223	115445	2120753	97623	2703855	117743	3226515	135252	3818223	111336	4565119	115339	5303684	132250	5923253	130625	6605525	110652	7280586	120542	8073083	108235	8851947	94008	9558241	102918	10293339	117585	11049918	100056	11613672	131159	12434403	85872	13268385	91131	13803432	108440	14563547	128631	15326368	87857	16085055	74160	16596638	122294	17234731	70432	17903319	101855	18567310	112009	19481992	105080	20001070	115023	20441701	82514	21044010	88617	21684010	135597	22456538	117246	23048047	85597	
179461	123802	495870	117549	841915	101769	1189054	131804	1695438	134681	2069543	131422	2516222	100625	2781199	120723	3208440	139209	3659895	111856	3898100	150622	4306641	128687	4818816	72234	5056888	97888	5376176	158019	5823652	120636	6237230	137027	6701325	173178	7194879	168605	7587005	113905	7979588	143969	8426544	128308	8794820	113909	9249586	121059	9663401	160255	10055903	121152	10445774	130365	10878332	130838	11252928	154560	11622186	154474	12062107	137795	12530206	165152	13014304	100732	13298094	97981	13682698	163156	14111002	153273	14520875	168740	15028767	131172	15553120	100530	15969847	139521	16309124	148730	16660123	178963	17134751	93713	17460251	87266	17795479	148009	18254178	122504	18656068	122207	19056053	142686	19588593	168488	19984844	149346	20441285	175403	20914804	119984	21277851	130739	21700125	113220	22121109	134917	22521136	142177	23031760	148403	
605604	125608	1540941	119779	2027761	100818	2743998	147890	3442277	137460	4312688	139639	5104511	150578	6008731	130730	6670334	132731	7254423	128036	8088991	69667	8703464	89584	9585284	112511	10440795	116337	11053112	181643	11991082	107786	12464504	110119	13191971	89106	13980219	141732	14689069	106333	15487350	70806	16329669	128422	17110826	96632	17885126	102485	18536103	104218	19344312	120730	20040156	144835	20873672	125220	21531026	122536	22094243	110217	22945623	83112	
193300	73727	715327	66277	1258209	80816	1825600	64135	2387254	72438	2936548	89756	3347297	72644	3931605	76523	4387376	54532	4994558	77040	5526001	107490	6140918	55273	6548981	73588	6980275	98744	7585813	66216	8091025	95940	8621179	99196	9240872	76572	9702414	74022	10329562	71073	10887395	46463	11341519	101711	11982469	87291	12460880	76797	12888312	95878	13322453	86275	13833995	82181	14429037	56249	14837336	64775	15226034	78391	15732262	77979	16378409	51021	16864744	70192	17413471	96705	18046022	54956	18666453	93947	19185043	63959	19707575	84551	20390540	78700	20766545	103499	21176772	78904	21524656	66537	21843839	122854	22610666	83320	23196933	87233	
