100	5	3	5	261525336.31083	9797.2452
24482	3529	68011	106367	51159	
91885	123063	65093	2842	108812	
25264	22175	17922	47529	102708	
120206	95813	45214	35608	37446	
87106	54477	78397	67448	48185	
96431	67402	23100	2770	7908	
12866	64080	70841	38506	4256	
31579	6686	110382	51573	15155	
36299	30155	10520	70125	33163	
27765	119637	13900	103101	109129	
143593	44361	3518	3091	27003	
24004	43806	68547	26575	19316	
71101	69579	46997	46721	64955	
34084	51244	29218	40606	3329	
64073	105343	67707	27353	74858	
50815	63359	16409	97751	24106	
54546	15803	56286	15370	27444	
88590	49126	65000	60807	29150	
106216	6062	48548	64810	26649	
93822	14058	21757	75059	6701	
15642	83489	11275	93389	33965	
110693	6659	24324	46210	6661	
73306	68885	29972	17795	91393	
65511	38536	101883	79522	77069	
23425	60525	68776	1371	59722	
112787	82182	101284	77543	13560	
41764	36185	50667	82561	20868	
8536	57204	42772	122942	99067	
42482	48707	67278	53795	13764	
82983	139024	29457	60222	61574	
107752	82932	38695	24269	58442	
5206	20331	24762	86474	12818	
53650	46435	86987	78349	67924	
4552	62959	99137	9741	28585	
44847	12880	106350	8522	102738	
38027	24713	18307	14875	6016	
25940	43192	53861	83777	25076	
11812	105859	40028	819	126260	
115459	84614	5378	40719	108964	
50874	15685	65820	19032	75284	
86791	48635	16429	48333	65214	
40605	41247	32774	78989	91672	
107893	89500	32178	92002	36798	
44909	89808	113958	71416	35483	
70583	19979	44604	10350	44664	
67867	12368	55363	39860	66029	
51595	60195	74314	81541	11716	
13018	64600	107761	61308	111652	
5994	52297	74809	68518	19137	
32410	1179	49565	100853	7936	
21342	95545	39176	3412	54948	
79882	35822	55796	66397	103769	
34423	47333	15847	46542	89314	
69882	64471	33378	45945	19309	
46171	5400	17993	33590	33240	
29044	66009	42701	66919	82125	
16705	31620	5772	2049	121660	
37540	56418	59383	60724	25945	
78465	13846	48375	43184	62181	
45354	52269	1020	52354	57205	
6925	40166	63228	54612	62243	
59417	591	78263	66041	75176	
103250	53970	31990	55409	21521	
8961	57400	24382	54041	31746	
87144	12055	87873	13694	45440	
7664	85299	2118	55044	25201	
11275	21101	43704	83185	3127	
102393	92801	40611	28658	10275	
19887	75605	48004	36052	51822	
30949	10675	73077	88082	90640	
36820	52718	7563	63517	36802	
29981	95710	110195	10030	43860	
76157	85119	29755	42199	52782	
13610	63932	36356	42979	14501	
10030	35447	77138	81295	41085	
73777	11832	65518	76668	4578	
42713	29187	15398	9900	18772	
14489	97760	22990	72175	53720	
40135	31057	13216	39254	45703	
73127	72856	33455	40827	6310	
16753	61651	93793	24015	22541	
82073	3209	12950	8673	93187	
20578	21298	4866	12528	13109	
80840	13068	90205	16734	38590	
87772	23086	22403	20829	75070	
29637	18297	37888	46091	28695	
105012	37380	62915	9779	13716	
13524	20383	19057	12658	16183	
113324	49460	13656	4526	35341	
23075	38966	71633	54445	61444	
51079	25327	95329	66182	73833	
86767	103454	65672	58152	61714	
25215	82945	41331	27863	65790	
24535	64757	3604	49381	26149	
7482	29758	44203	63207	56741	
7174	7451	72861	51807	21482	
50927	63531	87349	89749	27557	
30416	31655	77398	103112	39046	
40579	23402	89582	64059	47760	
47581	47607	79623	8626	78501	
465828	48268	1111620	57251	1645563	66323	1926882	58686	2440061	66072	3056376	55501	3631307	59176	4168953	56286	4699987	57756	5164891	75731	5756768	63627	6304830	70290	6853435	51824	7354282	89252	7882870	51647	8706895	56924	9231548	45361	9595316	61229	10218489	72815	10793873	62926	11476476	46852	11976605	47929	12390575	44398	13077288	75910	13589642	60639	14230472	57877	14972495	60603	15662270	48824	16216539	55952	16775002	55113	17465919	61311	18041563	59522	18683867	61578	19011021	56738	19597508	63282	20000608	39648	20445859	66075	21004632	51170	21600552	76967	22210246	63798	22692635	75073	23282201	55642	23795021	57111	24134798	55634	24675882	86557	25212074	65144	25785649	54728	26434252	70662	26983017	72890	27597465	52048	28128223	52396	28724613	56676	29185718	60850	29646013	53316	30145351	55921	30595381	70019	31110069	56333	31682688	57696	32250876	63305	32915870	53811	33388070	68941	33971076	65430	34488217	70069	35110711	47982	35673848	52091	36254952	51263	37032899	52848	37532820	38784	37967125	66926	38470517	68702	39000977	51223	39588613	88208	40239619	56337	40873485	62720	41551924	79662	41978045	59085	42463717	65507	43117787	53451	43702465	54478	44351649	62358	44865537	65348	45370158	58289	45929772	43229	46349887	53179	46856728	53740	47410517	79952	48045746	62010	48560418	60543	49163164	67900	49814541	60700	50239689	29700	50671807	59570	51216683	56824	51657279	61835	52168787	87701	52717777	71252	53229244	70329	53815912	54482	54341809	72686	54969309	67596	55476066	67244	56007906	58163	56437982	67859	57007948	62508	57593420	78200	58229148	74397	58797449	63503	59259178	59096	59867872	67527	60559595	48620	61023296	68221	61427302	78432	62029130	48740	62390852	70462	62920024	64660	63483701	77295	63999958	63368	64534032	71704	65130318	69036	65574851	102638	66084759	44429	66695178	60068	67214194	67041	67784842	61167	68223899	69677	68847393	66503	69613745	60667	70351227	47517	70955013	54028	71598185	71345	72217757	47817	72577499	61814	73326130	44129	73781277	54139	74273343	54584	74688592	62966	75186742	55908	75811587	50423	76478707	45762	77125721	56895	77639665	83853	78321230	65771	78742133	55364	79160101	50670	79552933	41204	80329574	54571	80849821	49708	81510384	52356	82260863	54312	82887322	39640	83457749	69443	84010103	44949	84649836	72249	85122151	66666	85697466	40643	86246844	70408	86642715	57699	87462289	64615	88072976	66105	88524624	52541	89069992	57060	89477731	34125	90088322	72747	90603198	58773	91269829	50121	91690406	78264	92358349	56124	92806704	52749	93320756	58754	93979801	40447	94513183	57963	95066759	57747	95506315	59102	96073044	41487	96523830	65731	96981524	51494	97485321	62920	97940176	55021	98327519	63300	98799911	62055	99416505	66896	99977444	78259	100471112	55910	100880448	51661	101373163	103611	101773374	64993	102318902	68184	102718647	74842	103353673	47902	103839728	82855	104311771	61885	104858143	72664	105454576	36675	105847734	45279	106356451	66896	106843097	57469	107370261	81582	107945815	51604	108523728	57933	109050017	48709	109714779	55751	110160114	46272	110680101	58677	111154642	71905	111611358	39281	112158879	65129	112696640	87003	113330460	63789	113889732	53366	114321986	70234	114973268	66419	115577817	61943	116240519	56521	116832485	63666	117512792	56556	117957131	71909	118469123	43852	119063268	57965	119593205	79370	120030517	57578	120510125	81381	
252312	55334	853905	59851	1472277	37320	2346031	41775	2929592	48988	3485565	56362	4064617	60261	4564673	64809	5229280	55752	5792641	61658	6288240	55112	6846914	58870	7714890	62161	7980151	36272	8810364	63148	9363045	37668	9890960	39917	10577235	41124	11130190	57467	11823081	39767	12498784	42888	13190686	42013	13802465	43954	14561858	70190	15261838	56592	16060037	52316	16689305	61193	17100913	53097	17788987	57369	18714637	60068	19442326	53701	20206114	21474	20956723	66437	21752667	36893	22566829	32824	23218023	64049	23869853	53026	24557547	66672	25373797	55025	25900262	62556	26672636	47593	27414095	53207	28050594	57319	28972600	52507	29711786	58953	30524716	60066	31080574	65426	31795235	53512	32358703	57030	32934387	33444	33758541	20146	34421280	35130	35032105	37756	35681439	63176	36586592	56769	37292615	66606	38083585	66365	38714980	49975	39223943	53767	40017563	47477	40403807	54468	41150684	39004	41643732	58616	42436047	69361	43094861	61778	43726734	66374	44385426	58308	45288702	72029	46272653	36338	46813265	46449	47503276	41814	48394785	51178	49052909	65694	49538145	30699	50322185	32877	50992281	54509	51863774	67095	52574078	73094	53070644	38360	53551757	47278	54227009	47882	55074977	46961	55661595	53613	56357486	65597	56936576	42469	57496275	38518	58097536	66098	58750822	58193	59596938	47844	60322520	69422	61047617	57234	61793313	54231	62291296	50694	62699887	50594	63393008	60578	64258566	71755	64915692	71358	65622431	45221	66161112	58605	66997215	42152	67849571	46982	68498604	47204	69137625	39639	69613993	46342	70442522	65463	71156646	48590	71720610	63480	72363308	57529	73134696	35135	73738298	55567	74378250	49531	74940096	69799	75697697	69088	76476250	62404	77081183	53845	77910805	63988	78592122	49143	79172893	48991	79795932	42035	80513321	43624	81159084	49930	81898534	60117	82650903	58010	83271410	49171	84238650	53437	84854419	57242	85475914	75183	86263593	49007	86878994	53670	87587376	32943	88165977	33450	88605657	55251	89418103	54928	90306817	60510	91012299	48195	91662299	62407	92393574	48063	92901957	67536	93587542	37137	94158087	44104	94937338	78864	95425808	57577	96209724	63438	97039030	60412	97613633	44771	98078084	52959	98467352	63148	99117946	59874	99867541	70151	100366925	77790	101018576	49601	101442980	52387	102052137	41345	102804421	67379	103453898	61417	104040631	61083	104751729	64084	105640509	54126	106291499	57890	106825680	84883	107482908	60061	108358855	68227	108783932	57198	109239026	53996	109856752	52442	110595951	56126	111119804	58291	111554114	50675	112186812	52114	112872118	59948	113780494	53317	114448371	59107	115145601	64334	116023567	59922	116599440	51594	117172569	56820	117751670	59387	118433511	51605	118783112	52498	119310622	70107	119851210	45981	120371667	46863	
89503	94410	431399	105033	856854	114957	1211909	118320	1685440	115017	2176766	136211	2610358	112412	3021688	147504	3496649	107526	3879214	122374	4227026	105554	4723757	94327	5064304	71983	5440979	76844	5752728	130536	6168653	102862	6603926	152865	7008339	112673	7418654	72205	7750760	146663	8288198	145425	8700584	111754	9194716	123139	9713967	123831	10084446	102205	10436881	94711	10908625	117654	11292266	93798	11649299	108929	12088243	53612	12452039	117514	12902854	136857	13412838	116022	13804081	109297	14090323	118604	14589298	140290	15099866	99813	15545142	79227	15896880	104767	16285034	106870	16639844	96921	17079206	155528	17544619	61302	17850783	106787	18226851	118657	18644464	102799	19099600	135464	19634967	88752	20002230	110903	20472944	125783	20989007	130890	21367279	121617	21726231	106578	22091826	88218	22493741	119068	22944191	100737	23230698	80536	23666356	133067	24104473	114174	24565570	98569	25034134	64738	25355311	137183	25822058	125295	26187523	74261	26445007	113790	26800540	105896	27233806	91869	27703474	78540	28105591	98047	28589418	98781	29003112	135696	29485934	86441	29833869	106783	30287906	96165	30675141	91964	31080710	86971	31560890	154233	31942000	71114	32358490	148994	32677788	101853	33049016	102573	33465282	124005	33925822	93391	34295406	137194	34760769	93854	35227169	110806	35681885	122585	36235559	84330	36605520	107192	37070832	120916	37507486	106878	37839924	94513	38249135	108247	38628889	122756	39023053	98305	39363587	125060	39723293	110603	40285005	99830	40640409	123862	41052067	130640	41437112	78557	41882662	76648	42285573	99531	42599416	102226	42996955	95839	43325012	138361	43727460	105322	44168144	122641	44606668	95220	45005533	121594	45430437	105706	45781857	86728	46168868	117374	46640440	108152	47027560	86413	47371860	150004	47880802	94747	48334274	106245	48917777	93860	49295147	102521	49684593	74751	50085036	151716	50559193	118686	50987231	80593	51279451	85499	51636262	110836	52017308	109267	52343032	73547	52770570	92017	53188467	110877	53573231	124522	53996503	123289	54375898	112479	54876870	120197	55264737	83151	55668047	97942	56002574	142760	56551562	110400	56857574	98755	57237550	123781	57677453	100074	58084446	89826	58481644	122497	58996673	75114	59387579	111970	59783864	115321	60137028	120702	60585465	107246	61043749	108376	61520661	100476	61928379	110451	62447246	78660	62853730	103593	63240662	114586	63581243	134590	64056058	95835	64453857	114097	65012841	123233	65368174	76179	65716900	102396	66121950	103332	66465503	108036	66887933	98232	67294839	92112	67660673	98055	68122954	123364	68469219	108133	68876414	85261	69173476	80527	69509412	94472	69901770	120637	70276479	133811	70675439	102598	71127669	142551	71559845	100607	72086595	93443	72463626	130399	72944837	109452	73474111	101099	73902717	118356	74395551	92540	74705307	102186	75185782	95705	75542338	108783	75961139	79379	76387222	120783	76856918	105513	77320807	114710	77819466	91941	78186123	127887	78674881	118264	79017294	128381	79447608	114779	79833560	119659	80302740	114923	80657030	119012	81172384	108758	81673601	51209	82106401	94386	82611152	84106	83068871	107331	83438042	125180	83874079	111680	84298778	107089	84713285	119419	85144263	103901	85479660	73781	85798024	109885	86184541	133947	86598168	107989	87045936	104617	87400842	132445	87820805	67344	88236958	120630	88728007	106518	89103000	91760	89529514	106506	89931297	116276	90307628	115848	90773148	89965	91117981	120013	91569797	127372	91955030	106558	92312872	111110	92706787	113149	93121398	96722	93463804	93054	93916424	85713	94305621	121458	94762884	108797	95197095	124373	95549615	102533	95967409	113465	96304810	91180	96694508	114955	97123621	91314	97363482	70813	97707978	102969	98142607	105275	98542086	84295	98942459	106824	99400285	88856	99848785	82304	100287411	65754	100615094	100617	100879514	121511	101349905	92575	101749068	108145	102070052	115857	102476587	121458	102866044	115841	103342516	116986	103813192	131293	104254395	132478	104657759	107582	105089924	99224	105379765	95893	105773663	87227	106127422	85257	106423792	118546	106811672	91445	107189694	88151	107567641	109071	107895103	116394	108284808	86383	108744463	60985	109078141	63488	109476614	104962	109960149	104366	110418036	89731	110789535	126830	111276708	106573	111644490	103674	111929285	130291	112345076	137991	112745500	116373	113244078	84218	113564371	157934	114094360	120753	114393788	106390	114830668	76824	115175059	72289	115604834	122677	116014589	116663	116447577	86017	116822094	107402	117320695	155118	117788924	114629	118232821	129633	118570117	71572	118915281	141080	119262142	105597	119594483	80543	119951845	111033	120433291	111957	
0	47368	469635	134708	941145	103800	1494752	137485	2101132	94115	2480102	136881	2938620	162764	3439886	130498	3866631	105320	4280085	139015	4849493	146903	5273746	123162	5895798	111282	6402774	106055	6974596	169483	7449275	79428	7914719	121998	8458157	109311	8817316	132462	9289256	115271	9761404	101636	10297819	124666	10728903	158857	11114686	116838	11786290	124073	12293117	148769	12930674	93037	13400815	141471	13939287	127887	14357594	177061	14913544	78513	15279125	113470	15635670	193646	16175929	119108	16582128	133929	17049501	76862	17435318	122504	18039895	109959	18465459	116327	18876234	155842	19350292	152379	19795409	142843	20287112	119338	20825078	114660	21268357	95695	21633620	189702	22164216	103458	22702897	117261	23218756	130027	23698355	184380	24142248	98846	24530331	113902	25002124	140614	25566691	123796	26107520	162138	26594412	162420	27238379	166209	27820479	111087	28195154	182990	28728892	113227	29186266	170213	29612655	127968	30000849	122957	30523839	96797	30991325	131695	31399246	118909	31843280	153338	32237382	95906	32730414	112735	33172106	93132	33746817	93878	34173190	107128	34723088	101356	35186776	138818	35746529	106942	36284006	154946	36679216	145738	37166381	130751	37636254	72969	38091831	100833	38587036	136840	39127457	94370	39596028	140438	40132846	99181	40504606	126745	41065628	109127	41575485	116435	42100407	109196	42744535	151600	43214841	136448	43769086	166616	44208485	141550	44625676	165652	45187296	132325	45630407	180081	46232185	165778	46732575	140421	47312451	110507	47686912	177572	48205118	107401	48667396	118056	49221892	97876	49580892	103666	49961991	162029	50554016	144912	50980634	147290	51596809	122345	51904835	107361	52434976	198408	52922273	129866	53616889	104545	53929900	130479	54421163	106139	54815206	122552	55332436	106489	55961389	124233	56479172	144334	57002445	137639	57404330	104686	57835205	116999	58418885	105916	59005351	158659	59520385	72011	59988984	125670	60519226	157465	61090357	117793	61585068	142900	62035810	93902	62582883	103213	62962853	120075	63494132	109707	63958482	96159	64338168	185337	64762282	129538	65227287	147106	65674264	120118	66115857	120731	66525679	129969	67002021	152707	67542365	129729	68035168	110628	68499551	153217	68933481	92286	69381008	162407	69938888	100484	70512505	100859	71041551	98016	71264363	100209	71701933	119163	72154836	117001	72607251	107821	72954406	162651	73431537	149444	74045251	109170	74452396	162538	74805246	131103	75372590	158109	75929834	112034	76409062	131328	76995640	145477	77567808	177309	78124253	109968	78696805	130459	79241888	128827	79721250	162818	80302218	145654	80785048	88839	81309936	126897	81777142	102618	82292741	124069	82826946	157805	83337430	116529	83799241	141864	84449045	144697	85033648	135609	85569250	126396	85969639	151542	86507078	144037	87012672	116043	87658774	119254	88196277	185421	88688384	130897	89211315	139280	89709023	111402	90240411	157561	90759128	156083	91361187	122191	91868882	136103	92517867	131415	93022538	119400	93545058	122733	93954514	141381	94586345	111040	95152741	138515	95688814	94061	96191478	96833	96673150	159297	97150918	154411	97740558	121648	98184556	100567	98645815	152722	99299729	159276	99948304	153598	100422528	151957	100872258	172396	101328367	157643	101837581	111937	102321891	110705	102793624	105545	103248863	163091	103730893	123491	104152000	162558	104696329	110832	105209826	148685	105640150	135332	106214558	111711	106604182	125718	107050971	136408	107658855	145807	108213387	168559	108723975	177282	109245836	121524	109740101	137458	110333713	151127	110850442	168323	111305289	105342	111711262	161313	112261813	121128	112757169	91717	113196364	104987	113769650	104003	114290280	102898	114667956	123321	115240340	113081	115693500	174308	116239805	165669	116940959	136497	117438794	151474	118016199	87222	118344810	114813	118875383	115290	119501089	136374	120027265	125963	120401171	143245	
88978	69232	459993	44635	752768	48522	1048884	51986	1245193	66010	1634817	44945	2088646	75628	2369548	59264	2771513	47416	3099967	64628	3439377	48845	3654359	64870	4034132	73937	4376531	57415	4700534	53513	4931016	52900	5307371	55880	5631152	53232	5774618	85992	6082592	62168	6418161	69221	6597618	29818	6965257	49772	7232845	69737	7485413	59533	7802732	77296	8159478	51346	8582025	55457	8899485	59061	9224119	49047	9538125	33982	9857692	53319	10139524	61498	10426573	63799	10740032	55212	11078361	61993	11405612	91498	11786653	62314	12027530	52116	12337958	53675	12566009	49917	12839515	64040	13166040	73822	13508158	34539	13846215	55896	14253818	57636	14618651	68746	14926681	55478	15189341	62992	15462019	55783	15741218	60901	16148834	70148	16394732	55360	16684689	71138	16962561	38297	17265544	72579	17580275	40014	17868046	55290	18198825	69066	18500603	53788	18910818	53718	19276745	49922	19557468	46770	19923040	47938	20229744	57034	20517193	81111	20754108	58676	20993692	78859	21289359	51704	21612296	45632	21998876	46006	22278389	47121	22543010	52204	22869708	42371	23105435	66832	23453171	67742	23654983	69754	23955695	63553	24281264	54676	24601813	51778	24915177	78686	25139279	41942	25425448	45854	25771913	73784	26097189	47187	26316213	60770	26641061	66275	26918528	42782	27280966	55862	27589823	48311	27943190	49477	28176585	60332	28446403	57669	28727969	22395	28944275	47497	29187300	66517	29592006	65024	29915034	55330	30262806	77347	30628399	84039	30959630	55111	31299066	65533	31575891	49943	31829597	55998	32037924	83799	32397251	74735	32701525	70599	33020313	66082	33371084	58774	33676046	59662	34058454	49867	34370796	64130	34687040	54046	34981071	85069	35341869	78844	35657874	57581	35962164	61356	36231025	76602	36527072	60979	36845881	61926	37120587	44796	37431751	50967	37781404	51496	38018065	58431	38335723	50039	38600822	66345	38945228	50966	39241091	61847	39584585	64918	39907483	71333	40279471	63219	40604203	55858	40929314	61906	41185942	47184	41541038	72069	41852961	71978	42199721	54256	42530137	49309	42820385	52526	43101855	64982	43463311	28903	43778839	66379	44028350	56503	44418135	55054	44765185	62898	45090333	37747	45344902	46511	45603033	57943	45933877	51205	46154456	48993	46562982	46020	46867768	69238	47248957	77827	47437006	44356	47721847	55039	48060572	53797	48369056	71213	48752314	49920	49181938	59465	49481040	52648	49718936	58609	50041209	54739	50364294	56363	50625736	53535	50908669	36920	51207677	33664	51407273	51911	51708693	60348	52050739	79108	52329441	64563	52719653	47749	53106209	73264	53419922	74725	53816189	63221	54144637	79766	54556075	36779	54787640	43947	55101812	83097	55450803	74785	55697994	59588	55948523	59088	56296958	70794	56678360	70940	57020634	32621	57322187	53737	57691384	63828	58023661	45010	58271123	77940	58593282	42079	58887710	60244	59122348	49686	59427847	45530	59679048	78634	60053472	50449	60431742	59001	60758433	72197	61134835	56812	61367235	43759	61609658	55451	61890501	86611	62195165	65592	62501857	74123	62760782	64602	63088352	52445	63413210	49960	63759709	58415	64010062	58612	64366004	56978	64657280	75961	65001130	69128	65319716	43844	65551491	55745	65791111	52489	66121054	59930	66434111	51895	66765638	81234	67209158	61244	67437787	54928	67764799	42611	68001420	64901	68302963	34195	68579643	64655	68910667	53709	69206783	71935	69534323	58291	69878974	69365	70173382	60813	70526176	87002	70885845	57174	71240831	33807	71508165	57322	71845702	39519	72116430	63455	72453814	79245	72850888	46767	73082678	61972	73448735	71067	73747164	67966	74052343	55079	74361428	73923	74610197	47430	74884834	36455	75222829	65048	75549297	44103	75835298	75932	76114486	46471	76428161	63585	76750130	67290	77099024	67647	77402091	51259	77685497	61428	78044807	41394	78328752	54865	78742365	47026	79060615	94598	79382368	58173	79692411	55464	80039801	52105	80394430	53561	80746671	63319	81099563	73122	81350514	42252	81610064	55770	81930167	72419	82248732	53221	82530462	76553	82858252	49963	83191632	68341	83545806	77014	83804247	49119	84040736	66336	84311492	61648	84599773	46015	84944339	52601	85214514	66758	85535654	69209	85912869	77938	86141724	56078	86552307	80341	86911713	61357	87254126	44874	87617043	48059	87935103	70411	88309748	66142	88645899	43456	88934994	71394	89230873	67323	89601769	62962	89829003	55575	90189578	76683	90554590	45558	90912676	55949	91227389	33351	91503524	66409	91704946	66238	91924498	51419	92280939	47348	92612593	56125	92973084	42572	93222893	72634	93529320	56794	93872736	70497	94229682	49090	94534528	63643	94903254	66050	95208126	54979	95581553	91023	95926265	53236	96244974	74805	96532582	59229	96868025	51710	97132348	40050	97416240	52915	97724205	43250	98006166	64646	98328670	66174	98564867	56533	98977624	61166	99251123	65573	99531620	50823	99854480	53509	100160600	65882	100552474	31412	100805612	67694	101112108	45547	101444487	49365	101660672	28029	101924710	62243	102286244	34378	102504343	61473	102828587	65645	103151514	59504	103483234	71034	103856196	65660	104197239	76271	104658545	65775	104987087	48897	105254101	44806	105572275	65786	105854984	60282	106235238	52852	106511936	53332	106846275	74932	107241185	64543	107590400	48095	107960355	62388	108310338	50082	108593570	76455	108971372	44265	109350088	66792	109662258	66294	109989925	54059	110345952	59574	110635135	68051	110931474	61700	111303400	81569	111596915	50146	111857301	75007	112115802	54352	112467295	51852	112804014	54481	113080656	51968	113493253	62342	113804387	44010	114206282	74876	114489203	55559	114772673	31075	115098089	68709	115513113	64930	115819869	64369	116202415	56213	116493746	62556	116785354	65379	117105125	72592	117345991	75501	117736927	37246	118018447	70898	118508725	49061	118851550	58920	119254696	53637	119595333	68726	119811764	62824	120074156	38892	120341325	47404	120626214	72141	
