100	5	3	5	261525336.31083	9797.2452
17814	2547	55040	72478	69080	
101165	87322	63173	2936	69884	
28556	29049	28474	31848	95497	
93722	98105	48063	24370	58515	
90341	72443	68978	83606	64355	
70705	69005	34956	3004	10724	
13285	50298	87331	55021	3993	
36926	5429	102749	58041	13640	
27422	52206	7694	73398	25271	
32102	67611	18747	113195	143802	
55491	56021	3356	2965	29324	
35820	32057	58734	17579	22799	
94162	75253	35634	49485	44541	
37263	69625	27689	49921	3898	
95715	106223	66577	35628	63445	
59069	48510	24945	66526	21103	
62334	34459	55443	15576	28952	
78348	27330	58327	72030	34996	
86166	5303	57593	86138	32037	
41918	17726	17607	75464	8805	
19578	89652	11829	91963	52244	
67476	5180	28038	61853	7076	
71210	56983	53755	15841	91310	
45588	61984	72026	91024	105776	
28342	82347	76710	1270	62307	
46160	63906	90376	114104	15441	
43172	46324	42047	55582	22495	
4845	48189	55946	74534	91138	
34097	69330	51917	52539	23998	
65977	61807	25453	88336	65533	
92637	51428	37416	20638	78526	
4244	28695	29507	48356	15143	
67171	51606	79342	66969	80989	
5054	65455	89199	10477	37496	
22465	13103	87656	12110	114675	
47175	21966	22928	17221	4297	
20004	50249	57312	73111	16520	
9656	108327	34967	727	69732	
68135	77897	4704	41814	109170	
78738	21842	62626	18170	86108	
117598	48872	21109	42664	55771	
45658	38362	31087	56989	94665	
74617	50515	25322	90660	45720	
55480	81043	102441	96875	39013	
90399	20737	31736	8055	96211	
113224	9782	65451	31431	76151	
85918	62306	57495	68907	12143	
14902	40364	87029	55093	121003	
5077	38608	92547	96807	17410	
50672	1448	45478	84677	18769	
13686	79694	58613	4302	58157	
40163	46294	37477	66098	76393	
35123	72336	22089	29814	83517	
64673	72058	37403	57133	21865	
88205	2936	18440	64486	30621	
25950	66259	44705	68555	73725	
10121	36946	6682	2333	91782	
47327	49362	34745	68075	24294	
62973	11273	68181	32318	61243	
39994	95960	899	75414	61109	
7461	33367	54444	60494	87404	
55428	739	90046	64137	130404	
103802	47606	26380	51619	45448	
8672	54896	40686	53927	29257	
94542	16208	97514	8243	33833	
11213	86414	2737	54382	22612	
10349	56589	66363	87914	3883	
118954	95575	35473	31058	15073	
28809	67764	60119	57183	56387	
36352	7007	83874	67019	107599	
39400	68074	9072	47379	34589	
20725	71799	86537	8799	54328	
117206	68258	24649	48124	30459	
12073	77910	32532	62217	12823	
14497	47905	76058	65761	25029	
57037	18054	62906	87358	5071	
83852	29045	13544	10265	27466	
14039	110609	26305	75273	48502	
41392	40919	12213	38780	27298	
99231	84358	38860	34842	5208	
20545	29084	111296	32739	30652	
78487	2804	23446	10951	96089	
19518	23433	10017	19466	13116	
86085	7878	73994	23185	36270	
45327	59357	35099	33834	88858	
26596	17807	35030	58246	25914	
80003	38023	66202	8190	10536	
14548	21292	17307	25053	14235	
101219	38413	36661	4442	30041	
12823	40945	91505	83006	79616	
28598	39532	101716	49550	67032	
54381	78137	65778	52531	60360	
20957	90788	35945	26086	54538	
30329	34910	4340	32158	19920	
4333	24519	61376	49963	44921	
6030	6080	66681	30686	17279	
54866	53936	78194	72820	47027	
32588	27381	52790	74230	50784	
16922	21542	107509	89339	48573	
45951	38803	113451	11546	112340	
231972	48060	754683	41269	1202257	72378	1891278	52900	2368306	59180	2865576	40739	3355299	52356	3797799	81872	4506018	35126	4875760	54669	5289948	42627	5716238	86550	6356459	63983	7031410	46309	7605342	45289	8264916	55968	8720016	57441	9407869	61357	9837485	56660	10442340	49973	10979461	59258	11546109	57446	12102481	42134	12605525	79842	12899712	64557	13545226	74637	14182086	59795	14638313	34446	15241926	70410	15777475	56680	16360903	54067	16937036	71005	17417955	65629	17993235	58538	18522834	68661	18989390	58967	19528362	65817	20113151	76459	20671055	60579	21380002	58052	21956259	48230	22433109	67119	23110284	64154	23682909	56058	24247024	70216	24739314	65485	25410545	63930	25950300	78594	26462660	74470	27048217	45268	27614508	55176	28130657	55216	28840281	87148	29449100	77848	29982310	60702	30516385	40567	30874498	78932	31355912	55298	31922311	70099	32589864	52453	33162095	58480	33773915	66832	34355679	62719	34794112	61639	35243274	56239	35906124	53614	36355861	62390	36975676	67391	37755791	64342	38437251	53151	38982745	67609	39580766	69275	40263333	54132	40744804	51358	41202912	69458	41666092	73238	42211076	67008	42697627	55790	43158839	41845	43620259	39806	44186893	48902	44628038	44733	45153045	68856	45839840	49703	46288930	56151	46929399	64411	47375666	69856	47848603	62791	48421539	57461	48936699	46852	49566330	66152	50129014	60753	50762587	58301	51302444	67584	51892802	53931	52429383	32682	52787960	38064	53392208	60897	53912180	60774	54330527	70458	54810942	64391	55161678	61136	55768771	58547	56342798	74143	56877976	62417	57346140	54821	57990487	44578	58510927	66646	58927255	53545	59534917	53124	60108187	73239	60581138	71568	61109591	65258	61758752	55203	62320311	75717	62844153	80860	63464253	58457	63936360	69096	64603490	53201	65253169	65639	65712082	65437	66363762	55782	67106446	44397	67540435	51107	68040898	62035	68389270	61369	69232535	62165	69882847	42486	70396186	72368	70922580	52340	71476072	63555	72095130	56550	72518571	42117	73048011	65747	73538235	85967	74002503	51554	74499956	73110	74938959	61122	75433908	51065	75939357	58181	76543278	70443	76987801	45178	77485993	45961	77979901	50223	78602036	63891	79078730	60470	79545518	68380	80229028	64220	80688134	69038	81222484	39713	81824743	76567	82464288	36747	82938706	64228	83590159	66568	84125969	88931	84752590	44045	85171612	70590	85783553	47756	86330328	59994	86761301	65701	87346835	67570	87711529	37952	88203668	54127	88942779	52538	89421309	57717	89833437	69220	90530107	53882	91080839	86561	91525744	54972	91920786	68773	92592419	59057	93221464	58047	93782126	64672	94327785	64621	94989830	52414	95568809	43347	96203767	55856	96794122	54998	97462322	53591	97805804	42306	98285649	74856	98633602	46047	98995702	46069	99579026	59955	100004986	65389	100522216	44079	100997098	58167	101497309	60434	101981949	66594	102592830	67015	103180946	66741	103759737	40350	104315819	65200	104906639	57095	105548705	52742	106061555	82990	106491118	53145	106912609	61705	107394113	45378	107744717	60168	108176005	64197	108690078	45693	109072054	58074	109560565	53301	110087288	73830	110641982	59669	111277168	58849	111643620	55397	112020919	89313	112585066	56242	113043668	64386	113572177	67915	114044862	75861	114781077	50796	115343474	62278	115841146	64812	116343217	70091	116947015	47943	117493086	71479	118115211	88491	118753491	53574	119354707	45626	119914116	59378	120386094	73837	
368024	64375	854881	58701	1487455	60483	2016062	56086	2506046	32747	3126005	40586	3971126	68896	4835940	35925	5558659	78375	6282826	56343	6901814	68090	7629234	54738	8216401	74077	8704621	40482	9318680	81766	10006858	70493	10764850	61456	11502698	51192	12168208	51038	12620994	61211	13402433	21322	14134002	55903	14517824	41935	14927275	37764	15393095	48933	16070145	65447	16732216	43031	17405319	59731	18116375	48042	18774311	65718	19339754	62629	20043583	54726	20763746	43836	21239753	47571	21909216	46290	22437007	62501	23163825	55268	23845786	59761	24692206	44078	25439833	32290	26025895	36372	26585918	57162	27293294	61956	28061217	53767	28591764	41043	29222051	63839	29675822	41214	30218076	40771	30883858	58054	31550934	59648	32352387	46093	32861074	67372	33423671	39114	34096169	57081	34863003	28987	35661170	51352	36523195	55090	37097244	47048	37738279	53728	38678612	64083	39360516	56300	39983600	59787	40582441	59744	41085588	46814	41849796	34333	42507844	51832	42943755	41084	43533241	52075	44289245	48965	44776785	57290	45513187	40298	46260556	65230	47148684	65926	47701521	70891	48386724	54028	48944771	60969	49640325	46293	50420293	69028	51099194	59547	52012060	49432	52571776	35176	53194233	74387	53636946	73008	54296706	74037	55085583	58213	56025344	55147	56671217	52623	56968281	67453	57643133	57083	58415824	74942	59304212	57368	60055862	38235	60864486	56724	61570907	37199	62252796	50824	62879073	55724	63408761	45099	64118607	24093	64541982	48096	65374175	49935	66037821	62195	66563608	48561	67272803	41225	67993787	78773	68748854	64826	69455548	49267	70007547	35292	70663929	53667	71285144	50698	71957606	54371	72715645	48135	73277864	63968	73911533	52695	74491048	59913	74959467	61230	75714843	38884	76253033	50930	76825579	34430	77433460	52293	78129325	43265	78907987	54544	79460176	67188	80168202	51925	80559909	49839	81220261	51265	81976407	51681	82651409	55640	83438047	50403	84094708	50947	84839561	41753	85359855	41921	85979063	79977	86843993	50859	87446671	54627	88079048	54121	88602388	43931	89150117	67356	89690474	66442	90460088	60418	91139236	58620	91622831	37257	92138086	60609	92855956	70179	93498432	38569	94331114	45735	94873049	50513	95457267	59503	96239678	40563	96902828	50913	97614362	41477	98241531	48843	98972913	40520	99539022	54811	100176759	46701	100974972	39182	101660443	63872	102512961	52835	103169611	61636	103688369	36918	104427003	56002	105025249	50365	105847148	31428	106535683	35436	107152325	42242	107665284	50308	108343103	59326	108858932	71624	109449892	35888	110132161	50755	110665040	67818	111527042	47294	112420157	46858	112987692	55244	113766123	57690	114470272	63367	115114991	57921	115795945	49665	116367534	47879	117183414	40429	117864281	65284	118435063	62221	119244323	68372	120057271	46911	120492444	67424	
0	113880	398003	72524	690847	119743	1047415	97744	1452358	100686	1835163	98908	2292940	116653	2742219	73460	3041151	58093	3371727	142549	3851783	113698	4257860	80661	4704046	99433	5146311	107226	5546447	95737	5863951	104543	6265415	128061	6754315	121159	7243294	157706	7618697	99171	7988375	98579	8261377	93924	8630973	120983	9068748	105584	9433936	128449	9904468	80491	10233565	41254	10605792	102097	11042974	96262	11484101	111195	11939546	98375	12485401	119114	12871006	104317	13295641	117481	13693744	132219	14098017	110809	14596015	114181	15074601	97534	15350262	111014	15761803	101536	16228937	85140	16580565	90225	17065454	102848	17526364	127390	17926469	109104	18367126	104679	18824176	128916	19249743	121562	19648617	86907	20044175	104478	20428368	82610	20869377	93230	21241581	102147	21649925	67663	22032118	117400	22474620	68982	22833854	114836	23260891	82431	23708581	105641	24067772	108751	24440435	119915	24853998	110938	25298561	104391	25717491	144224	26206039	89225	26523930	85909	26858219	90456	27286502	153262	27789303	121113	28215599	107042	28714604	150506	29219868	118963	29707672	130308	30160584	118949	30575502	102044	31025241	108260	31441864	109550	31896481	66737	32270984	107912	32707469	76544	32976125	110791	33433683	91934	33886094	116996	34295463	90267	34636443	89601	34997229	70751	35290440	101808	35665328	86213	35977790	84628	36338019	116867	36791497	103330	37225809	82633	37618334	104434	38043275	87317	38437575	102627	38865782	94555	39273648	119043	39713806	141795	40109660	110236	40711007	119823	41093403	102510	41461547	115049	41859041	96939	42149986	106858	42457392	107214	42922655	127785	43369893	76742	43675182	125376	44125175	126989	44576407	78064	44924004	105590	45380008	105521	45794138	141616	46271710	136618	46710434	109820	47119501	57357	47478883	114426	47835850	129843	48161545	128999	48530849	117387	48969116	111930	49261149	70666	49673116	88130	50061766	104843	50414327	101178	50773435	112328	51225388	110094	51534598	66245	51765080	106864	52213713	91697	52634686	124667	53001152	122956	53446503	120153	53992215	68489	54388434	108547	54879426	59790	55237856	119425	55660152	86693	56070348	117179	56462389	112581	56835149	97622	57254130	88249	57717183	113047	58151275	90293	58438185	123133	58903309	96195	59294323	127983	59706405	110109	60042860	93035	60484010	99554	60905328	99762	61346021	131373	61771937	156371	62304930	119173	62651335	129211	63115465	73571	63561950	127774	64008793	84614	64353690	72628	64679341	104924	65124490	123674	65615509	120484	66090176	117504	66555137	124637	66956436	102441	67363896	139878	67780765	141141	68201993	116909	68616488	110814	69036393	55419	69345903	117433	69782906	110885	70242414	125169	70622431	139942	71152311	87093	71697826	114158	72033676	93447	72382389	103768	72860061	113570	73338255	110006	73693986	99899	74044578	80925	74496479	93492	75000271	110345	75468602	76691	75854234	122699	76206711	99132	76550962	99002	77015073	94553	77547335	98428	77946869	116924	78382281	102999	78781215	117376	79254772	74729	79592359	103607	79905468	141333	80373044	78525	80847428	127504	81303557	130488	81759107	79985	82110230	100283	82528546	100492	82944783	89130	83327174	111570	83676852	90624	84065005	106255	84464275	105566	84879917	71357	85298396	128295	85605239	100072	86026275	158929	86366288	101508	86817334	114661	87192564	118495	87589822	113592	87966114	96281	88312717	141299	88751661	138038	89133637	77284	89529593	95146	90014411	125566	90517690	117772	90947171	96935	91266375	65739	91618175	98656	91929787	121289	92256575	105372	92659546	106674	93110503	88374	93528963	92377	93952286	109383	94340736	125408	94796995	126125	95181593	121002	95623796	62433	96057129	91495	96450144	114432	96851867	81596	97202230	116048	97667479	82676	98016837	81329	98387537	143183	98769334	100744	99243041	141797	99725958	81662	100033849	84280	100375631	98755	100764277	122583	101115294	103693	101507716	156043	102012541	100872	102427253	105368	102805224	139864	103376681	102734	103801853	133407	104277564	108750	104774196	96783	105158765	99023	105500335	142940	105909307	115544	106317823	137413	106724420	124173	107168753	158206	107726259	78554	108098035	111244	108471785	74977	108850441	142488	109333132	61111	109738121	129654	110169310	87636	110512792	120752	110990083	85678	111389896	115015	111814606	69823	112220218	115097	112637654	112237	113077602	109308	113494935	98665	113922883	101215	114328881	86812	114768652	124958	115223105	57234	115578702	88708	116111661	132179	116520728	127461	116949500	111478	117384954	109373	117823699	90065	118142340	136133	118527064	104986	119037142	82618	119318961	83043	119619601	88169	120023837	127369	120469720	141758	
0	83143	415547	123137	834739	110769	1331530	166454	1914362	97544	2405496	85599	2964093	106913	3550281	155161	4048859	94093	4460934	162672	4807347	162445	5309243	136869	5931178	164869	6454452	88863	6896285	115357	7367149	142291	7881771	114239	8326812	149918	8741163	163145	9273670	127813	9739077	130755	10228434	181794	10704918	108018	11183545	126209	11689757	83668	12137126	125754	12644754	141186	13176728	125595	13671031	120572	14240289	143051	14975655	120757	15424423	174913	15928716	145286	16417465	139352	17032827	109015	17526927	111816	17957639	94533	18424746	92841	18986385	154340	19445328	157026	19803589	125229	20414483	150098	21066403	121305	21647784	114387	22075435	115536	22564172	163037	23210288	114295	23576838	134674	24068583	114157	24440138	131723	24816064	98258	25310265	131433	25892918	104232	26410049	179524	26756421	153407	27264427	130782	27792540	130673	28228594	154285	28731407	131819	29137923	94558	29615963	96138	30155974	157497	30612563	153509	31248226	111020	31723303	137680	32225311	138051	32630500	120649	33228079	84136	33705913	108225	34146699	126288	34606473	145939	35161046	100500	35682231	107263	36046685	60323	36613463	144006	37155945	139227	37570941	132971	37954195	146828	38409247	144933	38877664	186578	39466500	88028	39958152	114196	40637435	122836	41148164	113621	41590991	101290	42065657	110813	42483171	105521	42914739	89852	43308955	93737	43769073	112992	44314870	112545	44660738	153377	45244273	170872	45632647	129972	46174302	69113	46590615	143491	46999016	183700	47534882	90445	48027958	104738	48551675	171709	49166351	132598	49738451	121342	50191945	129675	50620808	104098	51034027	119275	51526729	117020	51963107	45125	52403075	57333	52746395	105508	53158246	74696	53777583	97765	54343054	105600	54828536	109626	55281874	143293	55852088	137236	56283739	150850	56782347	149189	57413059	99901	57828860	127256	58327796	181527	58740628	92441	59173767	130440	59612429	138024	60082294	132117	60613553	120334	60992208	130041	61543094	150031	62148208	136148	62509933	126280	62999281	149315	63409943	149631	63902370	91785	64330171	82296	64784130	150744	65174940	142559	65612681	117165	66019667	159828	66428847	125021	67020183	147628	67540695	138711	67924987	157085	68410540	100553	68903888	113120	69450679	136830	69966440	91967	70551289	100746	71067726	116713	71424728	98069	71895338	123443	72271761	128922	72708968	163093	73267665	108279	73680572	135064	74198037	85993	74628292	155514	75171185	120906	75531276	121450	76070193	113010	76424599	135484	76920605	137481	77395929	117874	77796234	105136	78162551	136747	78630089	174789	79069491	138427	79628834	80813	80088790	112928	80550412	59538	80994717	170955	81591367	167316	82076001	123920	82546126	128893	83153062	111847	83742005	155992	84276591	154994	84827749	130418	85335525	126279	85890784	152638	86386730	95261	86760111	161484	87356182	79816	87797947	117674	88220190	129784	88706968	112107	89249093	136286	89616473	119631	90046815	91749	90548875	103665	90988746	127414	91493773	108055	91843334	105777	92283540	161363	92771869	91407	93157226	99261	93686677	162168	94145834	124004	94572636	127782	94950698	105187	95463906	119982	96040527	106297	96440317	157017	96943989	123187	97508867	125564	98010508	113232	98287978	146883	98734918	154650	99413458	120448	99844223	135458	100308235	140948	100810229	164169	101383649	102584	101984983	138072	102588211	136476	102950002	155575	103495209	128248	103949719	130562	104464842	99131	104782224	160861	105234440	92393	105760636	77965	106158793	132055	106598996	127767	107104597	102783	107582037	133757	107896840	128332	108440376	112070	108844725	103279	109299473	125345	109741374	104791	110338469	136278	110838473	132094	111359309	99379	111877392	134339	112279622	119279	112744458	186781	113306976	163981	113847637	139677	114396416	84267	114773603	147121	115182311	101901	115601387	195384	116157275	166299	116603545	107699	117121412	157729	117650243	171580	118161687	72214	118623585	193682	119163844	93770	119671459	149854	120115566	136200	120617216	160791	
164797	57549	516695	44787	841039	66660	1282413	57402	1627992	57240	1888369	50103	2181327	68848	2547475	69340	2793833	64050	3141273	64344	3385401	75184	3771823	79992	4072908	64346	4318224	71757	4634128	82242	4929989	51098	5217960	44411	5521995	41083	5877986	76972	6243784	53328	6547134	62612	6817821	47459	7229975	47127	7529067	44778	7752386	52750	8064832	56242	8400287	67463	8810543	59788	9135377	75862	9360685	57995	9620125	67927	9950204	67750	10273775	56281	10610615	49084	10905263	56329	11116159	71009	11517971	76879	11825265	66109	12100720	76149	12441746	27645	12767318	41927	13047855	68494	13326611	58734	13669375	69934	13985973	47716	14181674	65244	14527892	64506	14846499	42989	15133114	55670	15469114	53991	15790403	76608	16221810	60599	16502320	54848	16841622	64342	17125818	76943	17511870	70682	17881381	79089	18245204	96657	18599858	43006	18840958	72705	19104792	51001	19466020	58398	19790706	65014	20152713	81002	20562729	70285	20914525	64330	21162697	58218	21550812	62293	21848326	49010	22130177	73437	22470404	64550	22853532	67737	23211129	50022	23551536	78073	23876338	68060	24187359	42651	24551632	78932	24838362	70150	25184297	82193	25533903	59342	25920265	35206	26253593	57880	26574379	54604	26831859	49383	27128445	62674	27376769	43733	27685131	58628	27957178	52461	28246631	36382	28578246	64394	28931625	62140	29196796	58437	29505702	40186	29890376	51075	30142767	61688	30429854	44254	30712546	64676	31057189	52877	31476141	63951	31766735	68818	32114788	81743	32496027	46347	32781040	44000	33117364	48046	33456941	49863	33786995	46655	34130693	52722	34408020	38168	34724059	63504	35015507	58795	35403632	54866	35754418	48993	36071403	64124	36346710	62732	36551885	64385	36895326	56355	37278379	86857	37688041	65042	38080562	56335	38286578	61404	38597389	46084	38922140	54541	39293769	64958	39605445	59657	39930256	60020	40338184	69369	40739405	50727	41070063	73710	41323476	58521	41631071	45945	41847763	72327	42119968	56577	42430023	30577	42726704	57029	43154833	69382	43460631	62122	43938091	71080	44313015	59657	44641112	61142	45013748	65000	45324373	71558	45568160	52132	45953786	60364	46268869	47650	46707034	65847	47036919	50838	47225292	52143	47516043	61842	47794542	68489	48198874	49454	48430126	47190	48834398	60194	49161115	65101	49370354	86183	49722480	43002	50008726	56947	50348991	61809	50751588	56437	51089586	74213	51453629	51209	51698450	49567	52026867	48149	52294940	59996	52554642	45523	52889688	56685	53259338	54426	53666184	70125	53974638	58302	54109120	39911	54360884	68319	54695054	51499	54976266	51053	55349750	51071	55590475	65540	56031497	68429	56297341	63090	56607761	73045	56983356	71852	57373977	45423	57589564	63388	57905228	46350	58244206	40614	58601342	73851	58943974	63545	59296223	45624	59602211	74010	59929293	18475	60179170	53673	60464753	34140	60755116	48111	61038316	81987	61412810	56169	61668675	61413	61956944	65111	62254205	58995	62589186	55012	62815944	37620	63122706	47797	63423549	51371	63768947	38238	64043903	74411	64278760	66894	64589148	64169	64803154	75014	65254930	45370	65579476	84865	65911660	70810	66237513	74955	66563209	78812	66809391	44098	67094883	49053	67447732	74738	67829709	64919	68234950	49022	68551522	56175	68910982	67622	69211614	56924	69457282	78400	69731476	56078	70073941	51793	70385658	50120	70734906	57382	71025218	45141	71265104	55962	71689157	61420	72003145	51580	72312115	54645	72716714	45452	72969544	65622	73236369	55187	73557795	61279	73921347	54231	74320584	60598	74526345	47890	74867943	44257	75099103	63162	75454009	40968	75753006	59733	75941379	31177	76232509	60496	76569789	65150	76881534	48742	77150505	67842	77448069	56484	77774490	61348	77996745	59251	78323653	63559	78698932	72873	78960872	69210	79327716	50828	79596080	70367	79911469	49140	80158815	67548	80515416	59304	80877436	65478	81243716	77018	81522484	68521	81807647	48868	82167483	61102	82465458	51167	82822633	58635	83082523	56860	83436341	56231	83760846	46422	84008218	58088	84306419	79912	84583486	58613	84904181	66250	85185711	85274	85552523	52183	85830228	81493	86155852	74702	86523575	66232	86921566	80774	87193790	72567	87530257	54121	87908374	39783	88235582	68481	88578779	53276	88933138	46874	89252604	53166	89449789	98826	89808606	52705	90165442	45286	90481048	61089	90741110	50996	91031603	61330	91244434	76349	91561831	50507	91808409	53555	92131578	57225	92438648	35041	92754976	29856	93168005	41203	93340169	56304	93642646	49896	93879114	60847	94210987	60665	94487154	59566	94789886	33297	95056046	74583	95323521	55017	95620717	70110	95926718	56668	96256991	60068	96480642	50504	96750489	68308	96944578	61447	97292601	80528	97604939	56989	97859204	55569	98111665	52811	98446485	50976	98699307	50107	99040482	48783	99247771	60589	99574313	61825	99862280	71735	100132735	66648	100410234	57986	100669712	75267	101003554	66314	101323275	46748	101578666	64766	101893047	42089	102241613	54599	102502227	50364	102704201	74184	103132116	66231	103439764	35382	103679132	50943	103989880	72265	104235788	72740	104634469	71640	104985163	62054	105261252	62370	105629892	72206	105957882	41371	106310803	59011	106642633	84544	107059787	54155	107264018	58907	107502695	73904	107892474	70974	108260888	70873	108546984	54230	108921982	39675	109130296	37815	109482907	55251	109726882	58073	110068012	61717	110484407	64178	110820810	59121	111089239	49820	111378311	64412	111723695	71704	112153747	52516	112416060	54105	112740634	75820	113141833	75275	113482881	73024	113770135	53942	114067273	81184	114389503	70881	114764802	71715	115096361	72438	115391028	58838	115615596	49628	115967853	52409	116356918	72362	116745580	73610	117126514	74924	117463294	48957	117740196	71464	118022473	61869	118275887	61004	118615972	58553	118905605	39207	119192914	54450	119430772	51361	119719370	66042	120001912	67240	120393926	46592	120682721	64986	
