100	5	3	5	261525336.31083	9797.2452
20874	2976	61863	100135	69954	
89530	79506	67628	3457	94483	
24632	32255	16625	43746	83366	
63151	72836	48686	32276	37258	
92063	56710	88471	65161	57058	
88164	121723	29825	2852	9917	
13198	33954	78827	51303	4225	
31025	7789	106985	49071	14628	
41725	47332	8123	47757	38040	
30513	79582	20799	95743	62978	
113487	58377	3499	3444	39807	
21858	19885	59307	23191	26888	
91478	74346	55633	49261	36734	
32280	65796	28770	39141	3553	
87268	105367	67249	38202	79547	
49121	73101	14445	88496	15636	
58947	44124	64955	28587	40663	
74689	32965	72818	69182	33622	
91557	6112	47333	68581	26157	
144720	30208	26254	84591	6730	
17264	55252	7663	68355	46515	
69733	7598	23225	19766	9577	
51185	50775	38156	13374	61696	
57679	39039	91350	108342	97419	
23315	78125	61482	1535	45404	
102785	68747	109951	72508	18551	
50061	45475	58057	75515	15007	
5392	49572	52061	84758	80539	
50512	65055	55656	45529	18707	
101799	118494	12035	84261	47701	
136430	57808	44157	30863	87083	
6523	48947	28221	82405	9114	
115449	36608	79862	99193	115631	
5073	55143	83523	7807	30243	
46576	11442	83029	12176	85322	
54191	22951	26037	16853	5568	
25081	34144	64378	76195	18303	
6956	114313	20195	1164	118849	
112371	77841	6782	34691	47689	
85136	23595	87127	25066	63045	
91970	24662	19484	29016	39472	
33884	49534	41002	70220	105960	
77374	91889	29809	83598	41230	
49939	78424	56073	119344	41233	
54457	17640	59116	6549	76671	
70815	8519	42178	54650	71673	
89191	56791	55352	58303	11559	
14829	67461	105328	65012	59721	
5956	39669	61916	110318	20735	
38758	980	65975	72153	16574	
22822	70809	42733	2919	50315	
138898	52643	41963	67215	84880	
43403	80851	17397	50111	75413	
91647	55979	37292	36894	19128	
77567	4133	9640	71101	44376	
32416	62748	40828	62809	74420	
23138	26230	7177	1744	111127	
52085	35737	47332	72519	23289	
56436	20901	103769	31585	66101	
26562	77851	998	79856	50160	
8263	38907	41570	51367	77306	
31841	673	96246	54303	106507	
87116	55451	27126	44719	23501	
8327	53237	53946	65786	41243	
75681	12914	98821	20134	30454	
12509	81688	2540	66186	38838	
9021	21332	49443	98614	3625	
114351	80159	30571	25403	11268	
25695	67977	23803	43022	73548	
35262	11420	91670	68912	105301	
33454	44934	8942	51842	25279	
32893	76547	110962	10610	66211	
92128	65067	31357	40232	41232	
12956	103994	24681	37288	10784	
13370	29979	74349	57271	33862	
58446	13995	80363	88272	2665	
92036	40038	10266	9117	22070	
19635	111706	26077	71610	43454	
35511	33162	8127	48675	46910	
80829	82925	27638	37146	4430	
13655	44339	77913	26648	25100	
80391	2160	27389	5979	86357	
31173	19620	6357	19349	12164	
45804	7419	98226	27398	54821	
72268	35517	42462	48213	102591	
32860	10977	43474	46400	22660	
77509	35314	90534	10643	11744	
13001	30166	18610	22256	17329	
109814	50954	33230	3069	36853	
20001	56549	61425	76807	70079	
41753	57005	49178	46891	105128	
94488	82635	64114	35053	53440	
27548	74074	26107	36563	66828	
20041	50383	2983	51080	25075	
7920	26442	49438	54540	57221	
6548	7684	69495	55695	15561	
60370	44674	120206	92904	52952	
27385	22023	58471	81511	42679	
33255	22585	73106	74679	60646	
64604	44232	129415	8130	62219	
168669	64259	882725	49933	1516758	73439	2082044	50223	2630614	55851	3151406	80434	3646805	42825	3927244	68306	4388141	27274	4911173	55266	5462200	64972	5910182	71393	6531337	76965	6945941	45262	7405184	68890	7909946	43571	8411516	61221	8889765	72351	9486416	59554	10038755	70910	10702838	55758	11195616	47549	11729428	39230	12296278	47068	12869770	80722	13460560	71579	13994196	64252	14431271	71809	14886883	54035	15434541	63873	16035179	64809	16564658	58698	17059425	63268	17872541	65793	18427166	61403	19024039	74476	19484153	79452	20027821	38097	20530931	54641	21156863	31724	21679143	62361	22261503	50636	22625971	73337	23205044	63450	23733832	60734	24493525	53951	25091913	70613	25726572	61109	26330976	81472	26918557	47332	27729055	73544	28355249	59389	28925631	69969	29472788	62616	29984177	58667	30576063	72396	31172497	69050	31647729	46945	32249456	47471	32658852	72860	33209036	42641	33642158	36079	34237173	63832	34940526	54649	35540798	52921	36095237	64596	36640330	65132	37105684	62583	37452624	46918	37918673	65862	38531268	62382	39258402	65541	39789495	50567	40434775	63850	40956114	67662	41507557	50432	41984870	53242	42471031	66640	42892345	85669	43533304	67928	43917813	43248	44306001	63228	44810996	57989	45306037	85683	45849836	49467	46471804	58925	47165800	44362	47627377	58039	48174537	72869	48636173	38786	49280015	74353	49737640	66295	50426220	65493	50945446	40889	51389068	45297	52056163	76883	52646736	74397	53133343	76204	53689010	51119	54269544	43168	55004689	61069	55554162	58143	56171381	79659	56705171	78576	57275511	63037	57867043	55231	58385502	65821	58981242	69225	59597620	57586	60100735	34096	60387718	68562	60895376	30192	61207687	67254	61876095	88913	62513293	55918	62997473	84377	63378724	38678	63981077	37787	64364996	47999	64878903	74288	65576666	71935	66224139	32229	66740856	68334	67289031	77484	67863689	77924	68290889	65867	68818310	48936	69315056	66933	69725866	49804	70220998	61963	70464025	48468	70927066	65260	71382352	57450	71903825	58086	72292576	63985	73003687	52027	73416954	44919	73933936	72224	74436638	86156	74989719	55829	75383118	58550	75792169	69564	76296048	51890	76822511	60688	77289928	69848	77571824	51229	78253260	71460	78806517	40474	79238854	59286	79883268	56921	80383751	53644	80758382	52133	81179331	51000	81611222	52151	82277360	44317	82796578	52662	83312287	50900	83968678	35908	84557315	64704	85137314	59803	85754149	70824	86246614	72953	86778644	68690	87329681	72819	87650637	67065	88195203	59226	88633375	63688	89091095	51029	89617919	49743	90187119	45697	90596594	69411	91140513	67123	91623614	49465	92253550	69942	92896965	60980	93491750	60390	93991542	60473	94632110	60406	95314715	42315	95932461	44598	96266521	58841	96872027	67754	97385478	51868	97810833	63769	98381568	83100	98853526	38931	99427777	53690	100027454	76856	100641665	63584	101127656	64651	101722170	78884	102361961	64393	102861565	84941	103296256	82302	103811175	53134	104295494	78275	104849466	84386	105364367	70419	106077095	52368	106330198	69712	106956273	62289	107636782	68377	108195131	48447	108693960	60629	109479068	70617	110171039	38909	110739017	45905	111293116	59646	111732737	54358	112224491	61762	112923728	59053	113376864	56688	114021585	74522	114536245	58019	115083895	50124	115532058	47125	116111098	62496	116502553	76277	117191515	58056	117734935	60496	118316488	63569	118894963	84251	119393340	43710	119841931	64548	120402607	42241	120936523	55650	121523963	31106	122131956	59689	
170049	40876	812466	60281	1247829	41916	1844242	63939	2555741	64851	3359539	66725	3922711	56041	4551303	48004	5166463	54854	5843569	38073	6690582	55635	7260217	65874	7911049	71243	8510918	61549	9061736	51438	9613281	71217	10368350	66806	11014813	64306	11585357	66552	12342237	53067	13099842	50866	13685652	45416	14423162	54691	14990520	60151	15595557	62212	16562691	61159	17085680	60857	17780200	71571	18403713	56197	19220458	57797	19771681	53759	20453887	66824	21203953	51530	21676729	57610	22190039	57781	22893796	42894	23452298	61183	23886268	44393	24534837	46212	25274455	75034	25922499	47712	26697459	63392	27386180	61042	28104644	61823	28744738	63251	29457182	55538	30427954	50894	30872537	44420	31582267	63878	32243313	56286	32859761	37091	33488409	48988	34220025	50310	34769925	56871	35545399	58597	36334465	60853	36823583	59281	37511167	60297	38119240	46172	38842649	56273	39526436	47415	40018369	58002	40755238	38480	41494349	54781	41958880	49496	42532148	63552	43344888	54650	44050227	51113	44777367	61507	45402761	45700	45959563	58823	46762052	59675	47462397	46440	48241468	74511	49012348	48382	49729187	50140	50301807	60649	50736528	68526	51229765	51038	52011244	47806	52598806	39712	53388881	59662	53861553	67334	54280637	38396	54690346	38012	55295088	56123	55882308	48476	56556273	64063	57242238	57760	57723042	70939	58549545	63192	59251597	53070	60046969	43174	60641517	66299	61341673	29862	61863604	56577	62593600	56812	63312945	39391	64019700	63785	64649942	53123	65215751	73575	65771622	59931	66427719	64876	67070910	50135	67940551	60376	68732355	68501	69501938	47547	70113670	43791	70468819	53621	70980328	52542	71647891	78819	72248720	52363	73139954	66390	73934542	53936	74505020	72321	75217516	48725	76000111	60300	76630658	47967	77158822	65145	78033909	47684	78863238	92959	79690438	67115	80465453	57793	81233985	52601	82099628	48805	82817723	63114	83406359	55536	84217951	36159	85065343	50553	85500452	65266	86062986	45657	86865191	75408	87423354	42593	88260193	49096	88921677	64933	89646424	59527	90527042	75840	91125001	22721	91979937	56065	92593310	70240	93245640	55880	93906697	33521	94575755	23356	95148037	79891	96062547	64945	97021175	54198	97473372	44476	98223105	49674	98871200	69447	99467928	48444	99838652	63423	100452176	60959	101110404	31930	101680604	39520	102396355	55409	102929223	59690	103608405	58879	104226379	61148	105024719	60003	105856660	66225	106260363	70027	106897098	56030	107660722	41210	108178339	42907	108985373	55372	109775654	47106	110341325	43613	111129171	56274	111841756	52548	112306273	50749	112937993	47848	113407729	61646	113933953	50422	114601949	49610	115398336	58210	116306364	55244	117079275	53232	117775483	51438	118400080	74384	119242336	77576	119863341	58074	120561091	63455	121196645	56634	121876546	68128	
145668	115925	658455	109300	1017878	111080	1488017	79164	1840581	105268	2246070	73371	2633642	87744	3024898	108396	3449265	94370	3811066	77543	4265099	85608	4528394	95903	5064413	96167	5469210	100851	5948137	126891	6420507	90352	6761777	103575	7044594	93967	7536615	85012	7958263	115551	8376590	118736	8854202	111585	9332546	64845	9644677	119481	10121712	98542	10477479	90384	10883456	79276	11241952	101192	11528599	124446	11934321	102120	12373474	84885	12725971	118741	13124809	82353	13431370	90316	13848591	84388	14273382	98789	14566991	118084	14997874	117695	15411088	103894	15875051	139875	16338698	98650	16665258	77318	17033684	93418	17462271	109805	17819798	129642	18136707	99146	18539054	137217	19077448	112190	19485636	113148	19911707	120596	20228139	108679	20697777	117374	21195149	128940	21646462	123300	22129320	98498	22519788	91651	22821352	91979	23292250	97696	23759373	86640	24162852	131031	24586431	86476	24899749	115233	25358970	133229	25714624	88565	26069917	121262	26448979	102337	26808759	102731	27156953	83402	27517367	113659	27987653	152790	28523702	133360	28930230	116623	29433038	103995	29842303	102853	30249608	98986	30650048	69426	30995575	130716	31317738	133583	31801482	67351	32006705	141376	32408903	134144	32795824	106386	33200682	131654	33668217	89102	34064045	92467	34470309	74717	34808279	92390	35158938	98195	35578589	55389	35975698	109180	36403498	122157	36849012	122785	37238120	107134	37692088	113258	38209024	79292	38558794	115514	39009616	101988	39486444	142830	39947480	108460	40311994	75693	40758793	98035	41251744	88943	41636297	166042	42105234	99577	42475808	91041	42861731	68826	43181985	125944	43580339	118596	43998895	112751	44372727	151656	44875307	106894	45290175	81644	45666145	96418	46104418	77464	46411654	99093	46752147	101770	47087217	104969	47417253	154149	48026766	87266	48451987	133854	48863546	108291	49235080	157625	49615580	100118	49987219	99682	50401637	154633	50819429	117674	51336321	117325	51850223	118439	52448355	133185	52821285	100859	53237358	110912	53686700	96982	54101053	58662	54464523	100322	54941630	122260	55414214	108929	55827826	116358	56284983	133804	56666580	76710	57032835	79414	57379649	112665	57797706	110275	58214472	133101	58637539	77946	59018386	124248	59467767	151479	59929943	148201	60279655	121387	60665778	91720	61013312	126099	61221633	107141	61632133	115820	62087437	66146	62432330	138652	62961432	111530	63392693	132417	63886904	146981	64396320	105737	64845366	77446	65108833	118896	65482718	103868	65858587	112846	66275603	123214	66738602	80691	67168608	112380	67662184	119456	68082491	111762	68587769	82307	69012656	167190	69521811	108896	69945471	123824	70374185	113240	70765038	65655	71152866	64475	71566629	93110	71928037	93623	72267285	67302	72663190	95575	73057335	156494	73461184	109228	73840084	141126	74202022	66176	74584539	68984	74947770	111280	75344493	75001	75774895	105083	76155707	84893	76553498	116655	77105478	100086	77492009	107307	77820238	126274	78196384	90096	78651414	115999	79063318	125970	79504288	80305	79882856	83620	80223081	80214	80678699	127955	81163651	107169	81628647	100586	82172383	124174	82628056	123822	83052080	140546	83555125	127608	84044745	113784	84491157	104038	84955655	129269	85387437	121060	85741814	114163	86189969	91974	86623653	81041	87062800	105148	87526206	136352	87895802	86285	88284494	96948	88601617	104467	89116272	129500	89564590	121413	89999535	52283	90468574	125907	90884084	123211	91361581	163708	91782670	140343	92260657	111175	92655631	95360	93021491	59098	93298089	84387	93665779	113183	94001608	131709	94415593	139945	94922226	98005	95246062	109477	95640146	142756	95981607	103221	96426486	41762	96841343	75026	97210463	125258	97591499	76638	97843718	102490	98154885	78637	98588230	88587	98955764	116046	99388581	113264	99759794	140419	100102835	96211	100446140	138598	100888081	66285	101171235	127315	101676589	86472	101963249	115458	102434110	108097	102793824	93480	103248525	115391	103634889	101622	104098157	128938	104561044	125029	105031478	97546	105346595	134747	105698979	105118	106024095	88165	106424760	99526	106791910	86237	107181036	70880	107648407	156148	107963623	105756	108329541	119649	108697455	117572	109177437	117826	109620944	103744	109998333	87726	110292093	66721	110800569	122328	111246604	124294	111723987	72333	112134075	68538	112478196	86478	112933689	110162	113322988	78882	113586275	84527	113951745	92753	114359414	163874	114879707	112133	115368952	77579	115667909	100514	116158526	130409	116604784	78402	116986749	116107	117480167	138271	117914694	98280	118215489	121278	118608456	96392	118991819	140300	119429922	103483	119900396	104389	120242411	109106	120473742	95090	120875109	115616	121248523	132857	121764845	97392	122089483	77479	
37511	176711	596647	103612	1040814	128532	1476437	113417	2028631	161325	2494224	132062	3126305	168886	3673998	98232	4071858	121941	4575994	167219	5165628	93663	5549201	162245	6120860	104790	6545670	101874	7006699	122376	7435972	165047	8016568	133002	8439433	114294	9005720	111960	9463793	104862	9867761	129566	10322397	121743	10980589	182414	11580486	139743	12145951	141034	12635416	136877	13150784	109540	13709217	124601	14293814	153011	14785582	120381	15294458	90278	15884389	132614	16306948	157048	16867936	119293	17337687	109484	17732883	185316	18221167	157381	18733364	113679	19201768	171445	19767015	164878	20324245	146565	20745767	92285	21239813	159882	21632515	126032	22089005	149372	22660411	123221	23151890	71470	23620180	161640	24190332	115201	24773811	153026	25113674	129020	25503183	139843	26026908	86558	26353169	160216	27018275	144352	27504301	162579	27961565	146185	28365156	92872	28817096	110644	29277267	145427	29760989	74198	30147701	87875	30622789	133353	31004639	129225	31471309	146806	31941187	87944	32431552	111803	32861661	82041	33291328	148420	33783632	118858	34242128	111906	34713558	155604	35185276	75731	35680306	124752	36105088	143412	36615095	175976	37235745	134520	37822457	95186	38320047	136455	38780024	115342	39310476	97811	39804854	97049	40257591	122945	40733160	131598	41293708	163763	41804902	104658	42230661	138664	42765088	168269	43376232	152637	43976511	120200	44376575	107012	44814460	119272	45393643	150250	46050010	107511	46439543	131789	47034177	167959	47604229	125782	48187131	106311	48721743	138215	49245930	113163	49715283	140116	50267199	170593	50763484	126735	51328979	182068	51738511	139825	52309472	165573	52960626	79929	53345128	147635	53835968	105403	54317893	167487	54931030	161321	55436415	73546	55863875	128879	56332168	169141	56844585	111528	57338274	142052	57797755	127537	58273490	140766	58650443	121424	59007849	115142	59434147	113042	59951110	149851	60524277	112335	60898478	148074	61442393	111022	61992370	132509	62536520	119406	63097983	101952	63615813	144946	64085029	152973	64702402	116889	65181283	200028	65693405	188079	66117887	141432	66618609	106390	66984110	135791	67333236	145175	67951379	156509	68627065	136119	69100223	150969	69587940	110404	70246595	140471	70673232	129653	71277025	158560	71917038	122124	72382660	178770	72888114	160385	73432208	158474	74110487	143252	74619667	158891	75279196	78884	75824909	80870	76401771	160560	76772220	114233	77260688	129684	77782958	154341	78356080	143823	78760926	102746	79161765	147380	79705218	175643	80231114	121991	80550088	94869	80961056	134082	81404038	153858	81946284	94322	82350567	165386	82944551	106050	83306272	67004	83804957	137646	84387613	127577	84854748	100442	85203617	108638	85794428	123016	86181045	104273	86718309	124639	87185122	173509	87765614	148887	88284027	109785	88762622	142861	89265472	115588	89778392	131298	90232683	161088	90711243	124639	91199913	137425	91607835	114399	92159134	133659	92611491	157579	93124012	138870	93482870	115747	93889669	144201	94457048	134836	94988166	143925	95594384	122913	96113291	118192	96605048	106166	97026684	98933	97519361	140316	98110982	146257	98621672	129638	99065216	115422	99577592	99808	100061134	88928	100479449	136510	100856103	117622	101276500	143193	101848653	139319	102377984	133861	102844488	128967	103404440	134509	103953794	162264	104419284	130263	104757218	114437	105223692	102673	105739229	224263	106258843	173218	106824122	136155	107235797	99775	107763851	125069	108204099	163617	108733806	120565	109153127	166508	109712858	150981	110313490	98701	110790244	79926	111253601	131327	111634938	150345	112081870	156565	112553559	143480	113049814	145806	113612542	115009	114145412	114106	114610398	102965	114974544	142927	115363162	137740	115811356	77681	116272458	101193	116741060	91223	117127166	124194	117577680	164100	118042310	144196	118536133	114677	119089099	111222	119494760	111677	119963898	167042	120455580	80933	120887250	130332	121298901	111635	121713203	168043	122167312	111282	
255900	73149	543081	39231	754125	49287	1012627	65745	1417137	57380	1715464	77934	2041488	47754	2393673	66319	2683932	47000	3040957	64330	3364011	47568	3693689	64932	3955058	81606	4316057	67186	4662505	73574	4991332	65497	5312321	53222	5567129	69101	5931149	45372	6255736	42503	6502636	59796	6834713	59684	7170062	50881	7496573	54673	7788791	76900	8162454	67815	8527813	71397	8860393	54375	9176620	70921	9557234	62301	9886207	32818	10232708	55845	10435687	47065	10812220	67664	11102851	59413	11394780	53821	11725701	59135	12093073	86101	12531855	45113	12823554	50551	13134049	44870	13452999	74250	13796633	73623	14090586	68071	14433636	87509	14882743	75942	15293202	43133	15699560	74725	16039479	46043	16419785	56727	16788789	53400	17113589	42953	17400757	67216	17761713	51824	18089539	55597	18396497	82829	18723241	80928	19008578	64258	19330088	55520	19576251	61845	19831249	44238	20076805	40758	20410892	32410	20681136	65089	20921433	37779	21211186	63542	21572981	71356	21923579	62665	22231401	69271	22570150	52331	22917005	53025	23205799	64267	23584222	44543	23870247	89179	24248256	59356	24550614	60743	24862376	47626	25168994	66350	25478350	63968	25783509	48966	26098522	57998	26393928	56653	26677928	63718	26981145	53117	27323693	56609	27590335	52746	27777401	43240	28073724	50442	28376425	67082	28745758	66719	29091900	81441	29356278	68354	29682099	70093	30014893	54747	30365236	77996	30742410	32574	30966922	62903	31320494	33287	31743886	46444	32058587	60070	32349145	71237	32723860	64523	33132412	49019	33451495	63226	33801311	73659	34050665	55956	34381687	64078	34622156	51929	34895971	56408	35189175	59264	35536465	41030	35751248	57711	36030327	74769	36405045	68935	36723921	56526	37153601	50129	37413866	56036	37746674	52721	38036359	72116	38410489	61918	38720868	67119	38973622	30339	39261935	46329	39473171	45595	39739614	74206	40158224	43479	40329827	56918	40603160	60766	40843329	64352	41139709	60097	41500052	67120	41847737	51090	42201422	64304	42507337	55211	42811080	56526	43211928	62940	43383868	74827	43593556	62122	43863298	38958	44175419	79495	44520198	51064	44754450	58262	45117473	72330	45398323	68678	45695654	75462	46013902	47608	46258238	56364	46563848	53406	46899716	25430	47223284	58094	47596830	56091	47917193	60994	48215104	61548	48423782	61251	48718334	46291	48987278	66599	49343537	63037	49575218	65440	49922278	63914	50249566	54657	50548751	44930	50820367	65138	51240666	70976	51614866	45132	51846144	69615	52197693	47900	52501210	51116	52763683	76784	53117388	43434	53419996	60441	53703838	65867	54017390	68302	54394816	68976	54728451	54273	55082340	52403	55418789	59604	55769987	69564	56171856	72696	56480034	49240	56832576	52915	57157722	70129	57462800	43665	57813482	47819	58111384	42237	58442080	45991	58751101	46497	59057265	77510	59404273	44672	59743411	68452	60124885	61790	60441466	56160	60660752	70490	60972233	46602	61234262	57331	61536579	34348	61879905	41977	62283544	42057	62503382	62999	62832405	53953	63192725	77980	63487986	55101	63719072	64838	63956472	78663	64257615	54632	64569909	37056	64828498	69393	65230741	45590	65524897	57425	65857293	81313	66191850	46870	66485570	50323	66749350	48672	66959465	41532	67262173	47799	67618215	57586	67893003	62251	68260338	69655	68620579	65712	68951458	40537	69264977	71017	69599107	60386	69848881	56065	70215369	68057	70553953	45973	70839804	58376	71161235	60946	71443577	63697	71833213	54447	72119307	59032	72379967	48476	72641751	54355	72917741	46040	73158390	71503	73510931	55700	73949374	54514	74289503	55461	74593534	57082	74880823	26332	75231539	73439	75621312	46949	75893232	55927	76213894	66823	76557188	60321	76905256	63519	77357470	66702	77659510	73602	77990569	61950	78250958	75156	78532614	60146	78730886	73729	79077518	55593	79408434	42773	79716424	39451	79949163	92820	80320603	58635	80631260	65517	80891126	65691	81151368	77475	81544752	69746	81844398	48660	82161609	51216	82487876	68333	82843340	72681	83210667	48872	83432991	53112	83691819	46061	84100185	91262	84407943	58095	84707856	62832	85098329	64319	85406139	45725	85649092	67992	85910487	44219	86273122	75555	86640527	64851	87005250	77850	87372738	65068	87677067	51104	88039432	64154	88340873	53302	88570501	59426	88898145	64597	89219517	58226	89555642	54855	89830295	50333	90139547	59015	90429615	42414	90788224	40643	91008900	63662	91352230	67107	91683397	52153	91979670	71841	92254400	67298	92601564	59004	92899791	55274	93213229	50522	93590370	67493	93953013	82302	94220586	64846	94565760	71472	94942972	53686	95142688	38211	95378754	60344	95622375	41293	95881965	61485	96164813	64446	96465271	55573	96678262	52148	97026205	41671	97288950	44422	97543586	52604	97749294	80098	98166792	63114	98515515	64356	98818957	66496	99142647	61443	99458063	55337	99823182	73286	100168879	68019	100442100	70078	100763097	52885	101061280	41112	101318039	65658	101740640	72217	102118088	38460	102409576	58554	102721914	55437	102988374	61340	103341409	50433	103614551	63830	103929067	59441	104274170	70088	104567020	80540	104831776	59482	105115749	58992	105469059	61849	105714794	47523	105984408	57476	106209804	52754	106569734	44625	106771346	51083	107142495	43185	107338738	39015	107643759	65868	107977125	35553	108290339	35804	108550550	77486	109015719	48998	109389022	59962	109719652	70152	110001361	54635	110350081	73155	110666791	54804	110926988	44379	111193767	78517	111557433	36383	111828754	69619	112108529	69199	112392694	73905	112754650	79983	113052228	65265	113454187	53008	113698698	42493	113959918	37742	114312675	77180	114631936	56081	114942214	58690	115284287	82112	115655696	53213	115830295	67462	116155008	68913	116462272	55537	116821530	49109	117116822	65758	117357534	67360	117735401	55185	118019951	53156	118271041	57818	118525477	69949	118815756	52381	119130240	43310	119358653	48408	119684294	64198	120074672	61812	120460575	82172	120855496	44844	121150390	60079	121412510	67703	121818248	74887	122058725	50256	122376334	53726	
