100	5	3	5	261525336.31083	9797.2452
18996	2711	57354	99375	58425	
99900	102161	40486	4887	95737	
27327	30372	17656	45576	74489	
85433	126866	57680	31643	40873	
112600	66137	60451	70966	71525	
92738	60709	39145	3750	8521	
8279	57943	103252	46324	2855	
36300	5137	71500	54999	9287	
33302	41723	7754	78916	29707	
37213	108660	19306	102864	106309	
121358	44286	1811	1563	37734	
22552	28281	54499	22361	34199	
73598	84044	40013	55115	49651	
33534	53688	32177	43242	4261	
72621	119465	78236	34440	51302	
51337	51301	14926	83412	20059	
64863	41047	74421	25773	33186	
121623	42494	94490	72992	35666	
72868	5637	44783	66623	24523	
83329	26400	15898	93681	6759	
19177	80374	10646	102442	30531	
91909	4952	22871	39626	7909	
64808	69271	47372	23418	103866	
53752	49009	86814	84773	76998	
23973	61080	59297	1990	60610	
98435	60702	66672	73706	14920	
60498	35444	33827	72077	21470	
6659	42588	59298	106365	58661	
36256	52540	49261	73146	20655	
72285	111428	15051	66943	65832	
76352	72800	24763	21609	76289	
4491	46810	31611	79488	14328	
106618	48376	67344	66671	94209	
5394	78361	61345	9885	28290	
43395	16554	64674	8946	112676	
64937	20300	31402	18430	5008	
23495	79020	76819	66132	22217	
10044	124433	28577	751	114046	
107590	67065	4643	53939	57330	
71594	27866	59152	17588	102076	
95587	26789	21312	33469	43752	
52797	28897	27823	63748	124520	
90431	90084	27067	68889	44847	
54688	66330	72823	103221	46248	
69984	28712	43692	9322	51863	
67957	11147	67519	37164	71901	
100984	90742	69844	64947	18187	
14622	61544	92255	56577	45698	
5290	46569	78785	82950	18008	
38034	1216	41157	79932	11803	
21014	77387	40521	3761	70188	
81213	57773	46339	46058	96497	
51507	90229	16609	45682	54483	
59148	80276	37850	62759	31242	
57843	5217	7491	56713	28051	
29259	47875	72007	49292	63939	
17653	42439	8874	2766	101087	
55875	48483	63819	91117	20747	
75428	13897	95395	39797	69181	
39085	62873	961	66034	38425	
4726	36572	53298	35933	86171	
42330	743	115133	40762	83597	
64011	53559	23014	34298	22695	
6764	42666	45743	25572	25451	
106947	12409	99164	13844	33079	
9763	47312	2642	31472	20909	
6606	78636	50709	46661	3793	
118199	57089	22766	35429	11023	
27466	56481	59572	42527	40893	
35267	10964	81710	80039	104374	
44886	57628	8872	41329	25896	
30373	87375	93447	9274	56196	
88101	87865	26362	55452	52557	
10396	57707	25172	46970	12410	
14330	41538	61702	63015	42081	
70097	13969	75208	89935	2351	
74845	26446	10542	5521	21534	
12886	114524	26536	127508	31449	
49933	31771	9095	26024	42567	
81306	88541	35493	31362	5282	
23968	57619	100749	26496	24699	
64105	2282	21658	10329	121424	
19453	27970	6067	14188	8701	
42492	12678	88634	30682	35408	
94491	31732	31649	19144	112819	
29083	16448	37493	64467	24776	
77952	23702	38276	8976	13021	
17278	16923	14459	15485	14982	
84748	39975	22017	2838	30706	
23053	69750	76490	77622	108334	
48834	41657	99660	63262	58752	
85061	91930	94668	45589	22645	
21664	98677	25192	19190	56699	
25879	59447	3618	44887	20644	
7053	19887	45455	40737	46617	
4820	6321	46403	47400	16011	
53382	48208	62059	74997	39112	
34479	23603	60743	87584	66573	
36737	11635	81775	67081	60671	
60486	31986	76296	12806	72865	
160469	59997	679547	67982	1184972	58578	1903262	51885	2608877	57231	3105170	71717	3781173	54937	4322547	72201	5045497	45064	5627584	49022	6017503	60378	6555017	60849	7061230	67373	7707234	48114	8211517	82135	8792010	54532	9413892	41457	9811731	63383	10278025	61788	10856728	49876	11421361	74798	11871881	58584	12212010	63021	12797216	54078	13344335	64590	13754746	60179	14248153	38403	14816479	56355	15500182	59256	15994469	71732	16411669	59333	16922025	50161	17531117	75903	18052380	52678	18520010	32518	19149743	66656	19699711	56476	20158823	56862	20860543	45323	21396930	58123	21909698	37335	22304458	50056	22740345	48156	23313799	66347	23905809	55313	24432286	64150	24975436	80805	25545562	70216	26094830	71560	26708838	57186	27036241	64931	27503483	59252	28035657	1505	28487266	57868	29044557	66026	29559428	71467	30089874	58373	30685256	67211	31253602	76258	31750680	41438	32275354	73917	32807355	66643	33276613	42723	33923561	63710	34372202	55985	34962391	49985	35562239	68754	36180712	71790	36810382	60093	37417008	66818	38022741	47756	38577100	70976	39050973	65639	39506904	59519	39863306	81828	40465114	69855	41001964	57225	41406374	73400	42035661	52551	42553953	74228	43092203	55347	43817289	59991	44210353	58600	44830370	46272	45491858	67831	46069258	70408	46566650	73428	47037984	61066	47620345	33546	48037461	70381	48628508	69006	49300429	68441	49799236	65751	50367661	50732	50912419	55986	51433851	44111	52111856	63348	52538458	45848	53034703	69423	53614388	75852	54115290	63545	54667043	87521	55123101	57498	55750651	75637	56321186	64335	56952451	83688	57496330	50967	58095547	47886	58756255	55728	59163705	53637	59706545	58981	60161126	46190	60675683	49225	61160473	77797	61782453	57937	62240715	66049	62796373	43157	63377592	70617	63993929	46481	64342696	79791	64866570	61813	65310080	58542	65934589	69710	66613102	74337	67308731	70907	67786962	68079	68213628	37937	68648177	70555	69137787	61523	69599769	56009	70149279	48263	70717194	62274	71313348	62183	71755543	33752	72377804	76789	72851264	82645	73408064	53555	74005994	53104	74658514	80719	75299510	89616	75864296	58493	76461664	82266	76880219	54028	77354656	41076	77841622	53043	78380449	47601	78791381	39962	79269371	68460	79998568	97627	80393537	65309	80859845	42655	81397641	59530	81885959	45807	82442666	80175	83178552	55912	83696161	61827	84044832	46862	84627104	58385	85202468	76483	85719562	36840	86182308	57636	86853768	46491	87421071	57896	87903232	50903	88313357	47521	88806042	65163	89424551	74167	89950548	49288	90440377	53475	90960393	66466	91405041	76318	91939845	71103	92483745	73700	93046636	59565	93638940	52656	94339257	52608	94874419	67619	95620754	61662	96054426	29569	96542728	66454	97051691	71842	97513922	59381	97973500	57468	98460721	80702	99005289	57964	99765710	66129	100392711	57274	101043501	85708	101637233	57535	102331105	66093	102997941	73615	103537298	65407	104001736	38704	104420860	50041	104858241	72115	105384074	58306	105955011	64175	106451456	65975	107057887	55426	107716219	69953	108243082	74636	108933760	64286	109402475	82662	
56208	59159	776195	55077	1430997	25864	2007322	54003	2637611	81951	3285619	59348	3972941	47248	4675497	40447	5279388	54744	6108377	61494	6761709	67297	7522420	66858	7963549	62998	8593091	50220	9179715	54951	9834114	59684	10517449	62808	11059626	59354	11735763	61702	12323281	37090	12998802	54062	13597717	67695	14205131	83908	14884615	45058	15476841	33521	16125254	53327	16535779	78451	17243961	46762	18003354	50073	18756729	59689	19410687	59391	20036239	45211	20723442	49170	21586103	41916	21982969	52606	22692405	61172	23433215	49848	23966497	40744	24510887	59594	25157077	53146	25793091	51943	26348290	45261	27257272	64350	27622151	63419	28301129	51254	29120267	55487	29488412	43323	30138331	52687	30692412	59644	31444837	56781	32284769	68390	33067720	57117	33587262	34998	34366950	52690	34844235	44250	35460186	59601	36062647	47625	36873369	49647	37455057	69914	37985569	48660	38646734	69016	39142005	67395	39871585	64011	40332953	44891	41081405	92812	41754205	38386	42408806	60144	43338738	44712	43742497	51799	44342044	55056	45157749	47921	46047985	40546	46900873	79761	47624458	51809	48323642	56740	48934350	64230	49744921	36741	50431199	37128	51092150	62423	51584640	67998	52264653	43925	52960818	35340	53598745	44731	54560115	64577	55198160	48064	55926228	53031	56569391	56990	57096366	71300	57708720	68453	58510923	53875	59115639	65230	59852406	45309	60396250	60580	61230503	39533	61769255	68758	62359206	49103	63045041	55001	63753340	66357	64666262	71695	65344251	65927	66075687	61094	66667904	52726	67148517	55692	67861535	31442	68367436	39662	69147347	49431	69733818	33899	70507569	57784	71172173	54572	71875104	36253	72345562	67488	73152382	47109	73677018	45359	74196091	47830	74930975	46734	75354574	54058	76186648	72548	76998395	40139	77550766	64452	78366402	53698	79133253	71539	79925705	61413	80538913	46282	81245165	46524	81985284	65621	82657439	47618	83250163	60776	83839867	53652	84693988	62296	85476323	69709	86053043	49264	86690273	38117	87346078	56279	88010688	52935	88982321	71873	89954581	65606	90477220	43896	91119652	74364	92025176	45216	92549287	62732	93260449	58387	94013289	58334	94679095	42293	95422448	50167	96191908	67282	97118032	39771	97814898	57998	98544596	49072	99088072	52353	99814045	45453	100577461	44894	101195701	53275	101814006	50707	102615440	71735	103144522	36974	103506621	62421	103893416	28940	104536173	62220	105056306	50199	105655279	60810	106433112	59403	107079860	54406	107794284	71337	108424972	67420	109310592	51873	
41378	158720	493509	99311	942368	106595	1343538	105808	1807252	149382	2334083	147478	2804066	115931	3247624	59317	3689739	106778	4078791	124872	4542901	100832	4943984	114413	5279155	91606	5582784	104577	5902922	60707	6176500	138314	6649415	133513	7159893	96984	7535511	116155	7996423	97150	8396755	108397	8798452	106171	9185261	111467	9637614	137366	10011981	103538	10480442	60872	10815486	114512	11203847	92517	11644846	153837	12096789	144296	12564405	118757	12973182	73964	13311678	124117	13766150	102775	14205206	104470	14555674	76662	14918236	126662	15312916	109217	15731905	111074	16068908	114810	16457254	90813	16829002	123809	17199410	60498	17572165	105966	17986330	126134	18331976	128511	18757634	127586	19232511	111348	19644911	104783	20033409	102157	20483972	100517	20827444	117526	21245433	38301	21489137	123357	21878187	106554	22283026	117200	22747184	123680	23258329	93056	23584451	115362	23924764	79011	24229934	129827	24739507	101177	25132661	120413	25554813	118185	26070940	103439	26513129	138270	26957846	110090	27324130	102043	27651329	96929	27949901	85129	28380687	97516	28825901	48468	29188121	97478	29716142	93129	30098950	141791	30443973	124160	30929238	119550	31365519	93228	31816131	83732	32183604	134656	32753707	125240	33180549	90506	33455793	104790	33875594	56405	34446342	124101	34844882	164344	35299756	136491	35717614	76145	36121197	90642	36547807	112985	36911712	117987	37272171	141039	37634776	106470	38012544	122020	38392155	94374	38750648	124965	39214489	89629	39581984	126037	39968530	89839	40323667	121961	40655453	98990	41137573	66959	41579424	91712	41956805	86262	42305909	106103	42682666	83975	42983907	124831	43376343	130233	43884342	98919	44293153	111944	44688170	76099	45075035	97302	45488027	112759	45854104	92529	46315142	104855	46832592	118781	47293292	99661	47786406	88275	48230286	94786	48632595	90922	49147415	79474	49636277	102972	50049376	92557	50585743	127394	51140584	105390	51564604	68261	51916698	130337	52397996	103705	52730603	100408	53074979	112847	53595818	146460	54101542	152630	54555905	139920	54862819	121209	55221568	65851	55487554	144404	55924225	105024	56332890	67028	56702013	100909	57167593	104766	57540914	100296	57906985	97196	58311077	110050	58700628	83632	59064913	109706	59320749	72459	59777378	81468	60158875	97749	60642640	93156	60988336	125318	61461808	141593	61922263	108070	62234003	89870	62666195	61521	62991501	67355	63319913	138796	63666144	101019	64105069	109526	64603469	95879	64975797	78662	65310754	91499	65757798	117696	66244612	140732	66609896	92694	66967379	56044	67162540	88641	67515656	73066	67885944	146457	68320333	139263	68830290	105050	69291234	131165	69688418	96556	69967515	116289	70354246	110010	70804882	101623	71187486	120437	71659180	85142	72084952	122537	72593540	89002	73032126	47929	73471305	65656	73796365	116254	74313546	103862	74674203	71566	75057427	139379	75519725	134975	75965681	112883	76277257	134936	76701666	72711	77063770	124766	77462978	100420	77910726	145225	78293478	146757	78740288	106517	79087817	104154	79485616	88005	79984395	138033	80449435	81444	80738411	68375	81101608	101844	81534155	83321	81852981	107791	82232985	94084	82668776	125114	82995351	133618	83407903	115839	83848651	81275	84218858	109836	84719223	93239	85166168	88802	85608660	122078	85986572	127997	86436113	97412	86781556	70069	87227390	95030	87614783	97363	88146432	81735	88615674	131473	89048860	73031	89447658	91122	89911496	113567	90314572	79716	90591922	138441	91109783	119984	91599388	133805	91936551	125599	92435332	137180	92933952	115740	93298281	88251	93592429	125124	93957018	73070	94270602	126579	94684586	150005	95200571	99891	95684831	115258	96031639	88220	96433651	107496	96889783	96717	97324273	133235	97774967	184770	98253920	120270	98641599	92576	99059021	118771	99554243	88844	99830237	104305	100236062	102962	100612871	90959	101024550	136514	101397901	66248	101673004	98799	102000567	76268	102436272	76577	102839911	104374	103401321	135791	103900134	112146	104302083	109507	104820053	117384	105356566	133612	105712011	91194	106157634	96996	106535198	114647	106865387	89614	107303211	129885	107831490	107215	108255477	119531	108583031	95091	108953831	112277	109388388	110208	
187507	167615	532581	103856	1027389	87607	1371812	115850	1755809	107294	2289807	118274	2739871	107854	3086444	156445	3705149	139882	4173199	109129	4657387	83632	5072839	96012	5462115	147420	6043854	114206	6601869	186900	7258814	106647	7848618	128312	8417023	108060	8928697	115557	9470635	158270	9815924	144789	10285945	112264	10736938	128784	11202180	115543	11701521	144602	12192220	133838	12673797	125320	13192630	157407	13720553	135088	14343007	155041	14841968	117590	15336549	123097	15736447	170046	16285051	99201	16770023	152508	17406941	99680	17878588	104466	18398328	125642	18741578	163703	19189177	139826	19616100	126636	20099841	122779	20495984	143779	21058888	153646	21607170	110655	22110832	134808	22735661	134428	23154018	149648	23740691	170683	24203199	142805	24564014	92479	25114846	121610	25722863	156989	26186964	128959	26617077	139853	27136951	125593	27604550	158984	28213155	113221	28681393	123189	29229592	147675	29814904	120520	30282229	115688	30801097	161632	31445194	137153	31995534	171823	32528678	152901	33032125	129627	33476280	107991	33911303	133605	34432977	140150	34903204	171642	35430604	108390	35885946	168275	36464745	119154	36856758	104964	37389164	143880	37908531	90224	38327016	90286	38960331	91542	39487406	121418	39979313	121615	40518037	148345	41046648	154980	41597978	135500	42103342	152322	42664141	147296	43314250	121880	43797770	168166	44278327	155151	44894154	182552	45391273	79342	45875262	147900	46381277	163467	46840075	156692	47291577	134067	47755450	94705	48350985	117859	48792760	167163	49518994	122363	50014467	100923	50534848	129371	50996829	127477	51389142	173876	51996589	110805	52459108	110745	52866803	79345	53311725	85312	53832776	135857	54261632	169056	54784336	121272	55378975	138107	55929778	120092	56542930	158755	57000652	164435	57496135	153437	58024726	148421	58611904	123452	58908392	121829	59473548	158426	60013099	120772	60522245	162993	61137840	122941	61558765	97421	62052239	137701	62495722	152741	62940440	117569	63616378	160906	64226580	142814	64785242	158570	65371938	134942	65842572	167550	66442227	88118	66952141	129380	67333934	108354	67669391	161459	68353561	123046	68790640	126135	69384882	195700	70032755	164533	70632964	163535	71178611	162897	71671135	159977	72231330	160245	72683864	128917	73147881	104310	73469188	123837	74090721	140323	74597357	148315	75109329	113920	75559381	126696	76036479	121203	76439309	110567	76844369	115846	77454127	188897	78109524	161730	78682502	174462	79193204	145089	79614118	146241	80151997	174555	80605932	145135	81121917	165753	81662908	150935	82119670	121577	82512505	87069	83004806	91793	83287877	133537	83780747	132142	84249666	144754	84844138	150064	85355107	97131	85817823	169798	86340412	171804	86893853	142292	87329472	180623	87866670	123181	88436826	124266	88910903	115285	89260322	129512	89847051	100421	90301486	121595	90725432	139394	91287302	119097	91860092	93432	92331465	91085	92789807	156152	93292512	156119	93595557	121679	94190675	165925	94718950	81645	95287472	157179	95820279	75178	96363188	142492	96688780	108477	97132301	136681	97643440	135929	98074762	127371	98598255	96629	99060051	130439	99623380	146081	100241091	122226	100698767	135045	101274376	156050	101810585	124282	102369431	117044	102783401	101289	103200575	177379	103803999	184823	104464367	158408	105078451	103215	105506498	150144	106132972	88662	106552918	115140	106962724	132661	107415489	155311	108026485	104280	108539873	159422	109056694	111634	109510085	116627	
64478	54409	384176	58391	682248	73788	990482	67436	1436187	72325	1732430	73713	2000746	58450	2208257	51496	2502548	50990	2778068	57531	3074703	53214	3392709	47886	3746586	76996	4031730	59636	4418423	60679	4589040	37585	4952222	77462	5347972	78146	5635330	46586	5964663	69772	6217160	56439	6526472	58596	6915309	51340	7277866	69578	7614095	63799	7974870	61986	8270647	72462	8537925	67971	8847653	69315	9162920	65816	9443220	78194	9765484	56735	10070950	64304	10362290	61374	10737042	44229	11070912	58652	11385937	52782	11672493	59742	11985491	35246	12255513	58904	12555383	73148	12819158	77733	13214170	73516	13459955	55672	13865511	48171	14038896	55464	14262287	67183	14579093	57849	14877673	59794	15249317	52822	15516333	45268	15787859	79331	16089047	46605	16430254	52197	16765304	77971	17018523	68180	17362719	63591	17673057	67698	17983536	47084	18270715	49615	18594576	49096	18853589	56095	19146246	59622	19415813	70594	19771685	61799	20025043	35671	20366361	41670	20665270	67320	20989441	68201	21252790	37869	21415142	47768	21762552	61576	22012366	37114	22357573	53806	22646675	62364	23010824	55625	23324732	57121	23600286	57971	23856920	58467	24111991	58316	24387214	45031	24676439	47838	25008642	61550	25267935	62444	25618659	65563	25925382	68791	26308777	45291	26565680	72218	26936023	44307	27209829	63293	27555402	63183	27919333	71290	28216918	55788	28564238	51776	28822382	74857	29150234	63933	29554173	67734	29878767	75681	30329575	72720	30702844	41198	30991797	62069	31315567	32512	31676607	59677	31961699	46732	32229091	65968	32479120	62036	32849282	56644	33188201	55557	33472084	74455	33925138	64042	34320437	59298	34647887	58705	35006389	39191	35328504	93627	35602295	59681	35943670	65938	36288033	47562	36561221	61702	36925085	64239	37122404	73956	37448444	38491	37754747	61874	38099058	59905	38452842	46815	38749767	67753	39075830	60587	39468003	53563	39758034	75385	40085144	43829	40309523	52499	40705717	67386	40983682	79974	41354468	67845	41721893	80369	42036662	46475	42343232	49881	42662214	56921	43025455	59491	43453067	62898	43709015	77916	44001017	62328	44361145	48638	44743909	39259	45036017	47041	45349602	34060	45627270	63073	45918397	40762	46166091	63655	46418375	52798	46769575	54812	47106801	71886	47399381	77894	47746566	38005	48036732	61430	48419651	55477	48671575	69208	48983241	58287	49304984	59684	49558586	70686	49908861	58520	50178717	37992	50508939	48478	50771241	62431	51067995	51544	51372812	35857	51713178	77094	52008459	43528	52284485	63182	52534021	50593	52881643	44525	53180584	72987	53451923	38299	53665912	65904	54079942	49752	54423461	45360	54764033	66176	55107495	57390	55451261	53216	55731963	73665	55975513	52844	56297991	60666	56649963	63759	56946103	36782	57259121	41899	57612551	42081	57825621	78720	58160230	78293	58479051	38954	58809586	56208	59073747	45102	59367720	45617	59714700	69668	60069877	68774	60401569	67909	60697076	62739	61137935	64495	61526194	62247	61771972	45234	62049152	62673	62304197	71615	62608412	55781	62995918	67032	63264021	76662	63580909	76588	63920758	38124	64169432	55909	64485146	53694	64842618	61298	65059382	57025	65417232	63281	65759426	57497	66125243	44769	66517817	67568	66846536	67499	67212879	50258	67418540	55981	67787073	58898	68072069	62852	68340933	87722	68648928	55194	69025433	72898	69343627	66540	69725641	83207	70035920	43349	70371258	49523	70701562	60746	71072814	60758	71463076	57835	71715609	40762	71967001	52055	72277890	44329	72660525	59846	72969127	55097	73236515	78897	73613349	51787	73956652	61963	74181724	51240	74569908	83698	74873557	65322	75219757	52893	75530322	56388	75816932	75302	76147301	64073	76354042	57338	76748009	84152	77126944	73438	77510581	66620	77721165	40081	78020506	50951	78369039	68114	78794035	74899	79123383	49787	79414406	70438	79737044	75661	80095176	38942	80338424	57808	80612860	51261	80941962	53600	81294852	70581	81550788	84428	81872954	57305	82126540	62120	82454774	45452	82746108	60823	83125014	51452	83419840	51612	83823812	43787	84113732	49945	84396583	43894	84704276	66959	85018223	54963	85337639	54941	85589978	37112	85897109	49932	86210846	72645	86508854	42409	86777346	69064	87094005	67008	87379951	51799	87602629	74985	87884960	60635	88171745	80139	88424962	57523	88783233	46014	89145042	57734	89423107	64478	89820848	61299	90048576	58705	90249506	45562	90563102	54829	90886438	62394	91302505	47847	91585641	56136	91945329	65600	92271015	59114	92504761	46532	92835043	47325	93066206	57641	93308689	79913	93664991	64926	93983170	63489	94235808	48664	94596881	67626	94949141	44161	95276302	51455	95535024	48606	95862063	69954	96169869	50638	96485864	57910	96799986	58379	97098018	55550	97386388	65144	97749436	40999	98071663	54433	98324572	55654	98670537	59226	98906745	87016	99247718	67082	99495877	59541	99784270	51213	100039064	45326	100355207	52185	100673460	34773	101030945	49624	101310024	54941	101651816	43710	102073104	72753	102415992	67513	102704319	52769	103018107	34548	103380805	54771	103623662	69920	103866874	81786	104204583	57854	104543390	46603	104827380	57178	105146958	72597	105484989	56432	105836593	61008	106175973	44613	106517009	39754	106782099	41357	107024434	71886	107323728	77208	107668729	46833	108024609	78497	108404336	61409	108747250	50486	109061360	64063	109315846	52631	109587086	62013	
