100 0
67 106 1 5435 43602 
211 84 0 
221 247 2 0 3906 10442 44634 
129 231 0 
99 110 3 0 17063 22162 31379 38483 1073741822 
198 138 2 0 12767 17169 1073741822 
65 95 3 0 3934 10026 38509 44110 1073741822 
14 131 2 0 18698 25441 1073741822 
246 80 2 0 14180 18398 1073741822 
212 204 2 0 1518 6795 1073741822 
92 165 3 0 6322 11850 34165 38523 1073741822 
159 272 0 
254 219 0 
160 246 3 0 25115 28840 31080 35062 1073741822 
66 227 0 
213 258 3 0 1649 5673 25277 29917 1073741822 
6 239 0 
54 219 2 0 2112 7181 1073741822 
119 287 2 0 11046 14671 1073741822 
185 280 0 
123 65 3 0 7899 14156 28853 35859 1073741822 
68 138 0 
207 128 0 
70 267 0 
49 163 0 
209 174 2 0 5704 11673 1073741822 
217 147 0 
124 295 2 0 26563 31715 1073741822 
130 278 0 
106 117 0 
190 77 2 0 31981 38937 43243 
239 249 0 
1 142 0 
179 164 2 0 21562 25289 1073741822 
107 241 3 0 16380 22145 39474 43238 1073741822 
128 121 0 
89 149 3 0 22996 27037 36948 44013 1073741822 
122 217 2 0 24384 28513 1073741822 
226 293 0 
191 154 3 0 3622 7238 29441 35629 1073741822 
61 66 0 
41 65 0 
84 144 0 
189 208 0 
216 203 3 0 3281 6927 12184 16499 1073741822 
149 187 2 0 2693 8734 44110 
91 214 0 
52 193 0 
45 280 0 
12 124 0 
152 167 3 0 14349 19207 31865 35496 1073741822 
88 239 0 
114 202 0 
251 196 0 
161 213 2 0 30494 34306 1073741822 
167 181 0 
201 236 3 0 14205 19603 32947 39086 1073741822 
132 209 2 0 8592 14932 1073741822 
224 293 2 0 20830 27472 1073741822 
173 112 2 0 939 7860 44326 
175 233 0 
245 115 0 
28 136 0 
158 112 0 
236 126 0 
50 207 0 
205 266 0 
220 63 0 
194 97 3 0 19134 23166 26444 33097 1073741822 
24 232 0 
115 74 0 
153 113 2 0 31901 36830 1073741822 
137 291 2 0 24691 29319 1073741822 
96 139 3 0 27963 32580 40171 44172 1073741822 
25 236 2 0 12868 16612 1073741822 
208 253 0 
192 210 3 0 5395 10038 31163 37199 1073741822 
163 122 0 
79 75 2 0 1879 7552 1073741822 
8 235 2 0 17010 21003 1073741822 
9 82 2 0 15154 21898 1073741822 
18 236 2 0 22019 27782 1073741822 
171 259 2 0 357 6288 1073741822 
244 206 2 0 13020 17408 1073741822 
60 236 0 
150 114 0 
34 94 0 
148 164 2 0 4254 9657 1073741822 
243 231 0 
240 125 0 
146 284 0 
188 107 2 0 29216 35942 1073741822 
111 199 0 
85 270 0 
242 249 0 
90 134 3 0 193 7345 36649 43677 1073741822 
228 275 3 0 9716 14064 36404 40599 1073741822 
241 110 0 
195 186 0 
93 145 3 0 28802 35310 39381 44444 1073741822 
