30 0
62 284 0 
120 169 0 
207 223 0 
96 203 0 
220 176 0 
206 97 3 0 3121 7818 27424 33043 1073741822 
196 227 2 0 9429 15918 1073741822 
160 267 0 
5 216 3 0 4178 11368 25343 32387 1073741822 
142 70 0 
46 199 0 
166 242 0 
174 104 0 
145 162 3 0 10309 17076 21581 27511 1073741822 
157 81 2 0 3142 9697 1073741822 
198 63 0 
109 203 3 0 5149 11264 16497 20392 1073741822 
130 178 0 
48 169 0 
25 178 0 
197 203 0 
70 297 2 0 2538 9151 1073741822 
60 210 3 0 646 4715 23807 27670 1073741822 
239 280 0 
90 80 3 0 1019 7095 28129 34289 1073741822 
249 250 2 0 13968 21037 1073741822 
240 296 3 0 7477 11391 22242 28875 1073741822 
80 189 3 0 2945 7018 23376 27057 1073741822 
32 108 0 
228 277 0 
