50 0
105 241 0 
246 161 2 0 8512 14289 1073741822 
228 155 0 
184 270 0 
77 65 0 
37 191 2 0 8150 15348 1073741822 
232 147 0 
234 162 0 
212 83 0 
135 167 2 0 167 5110 1073741822 
201 293 0 
26 270 0 
42 299 0 
50 88 0 
187 134 2 0 8116 14364 1073741822 
194 224 0 
209 289 0 
180 235 0 
4 280 0 
181 165 0 
239 211 0 
60 92 2 0 1825 6175 1073741822 
166 284 0 
86 250 2 0 6241 10432 1073741822 
24 116 2 0 7078 10685 1073741822 
27 200 0 
240 181 0 
229 99 0 
33 89 0 
125 103 3 0 1199 5402 28894 34196 1073741822 
115 127 0 
170 160 3 0 9600 15651 27240 32033 1073741822 
243 165 2 0 3919 8640 1073741822 
152 156 0 
217 240 0 
21 268 2 0 7950 11782 1073741822 
34 275 0 
162 187 3 0 2581 8302 12370 19020 1073741822 
230 109 0 
112 151 0 
18 100 0 
231 202 2 0 3087 8294 1073741822 
210 96 0 
106 279 3 0 6451 13129 18080 22091 1073741822 
97 90 0 
44 299 0 
104 105 2 0 329 6785 1073741822 
63 299 2 0 3933 8486 1073741822 
46 69 2 0 14633 21414 1073741822 
40 201 2 0 6720 11656 1073741822 
