20 0
244 86 2 5354 15247 20738 1073741822 
243 69 3 0 27 3756 17185 22052 1073741822 
0 120 2 0 5822 11465 1073741822 
254 61 0 
186 240 3 0 4985 9829 13855 19189 1073741822 
98 220 3 0 3439 8609 13533 17858 1073741822 
169 187 2 0 3514 10670 1073741822 
86 201 2 0 338 6905 1073741822 
113 81 2 0 5263 10979 1073741822 
248 221 2 0 1807 6914 1073741822 
182 138 0 
146 69 0 
46 193 2 0 1624 5733 1073741822 
145 128 2 0 3462 10376 1073741822 
199 269 3 0 2599 6733 12058 16315 1073741822 
217 170 0 
162 248 0 
84 201 0 
157 87 0 
58 125 0 
