50 0
36 297 1 5953 1073741822 
100 166 2 0 138 6075 1073741822 
11 70 3 0 8835 15552 19088 24095 1073741822 
104 270 0 
186 202 0 
215 94 3 0 10566 15117 17997 21840 1073741822 
65 153 0 
3 93 2 0 16920 22405 1073741822 
135 116 3 0 1753 7222 20125 27260 1073741822 
74 72 2 0 7166 10997 1073741822 
195 148 2 0 10183 16274 1073741822 
213 122 2 0 7602 13330 1073741822 
176 213 3 0 3933 10884 15169 20437 1073741822 
189 234 3 0 4908 11577 29329 33217 1073741822 
181 283 0 
113 134 3 0 597 4783 13452 17995 1073741822 
103 203 3 0 991 5207 18235 23425 1073741822 
89 156 3 0 3994 9476 33681 40666 1073741822 
129 208 0 
38 144 3 0 7378 11072 13907 19108 1073741822 
61 137 0 
236 193 3 0 10851 16677 20321 25282 1073741822 
151 289 2 0 8539 14075 1073741822 
199 88 0 
132 220 2 0 15983 19702 1073741822 
146 260 0 
190 258 3 0 10510 16655 32096 36110 1073741822 
18 118 0 
155 110 2 0 10170 15466 1073741822 
105 215 0 
162 221 0 
175 204 2 0 14783 19497 1073741822 
79 203 2 0 6062 12270 1073741822 
193 136 3 0 13846 18415 25806 32236 1073741822 
232 183 3 0 391 5933 29499 34023 1073741822 
92 89 0 
226 82 3 0 7822 14667 19060 23795 1073741822 
121 261 3 0 6282 10253 25419 30702 1073741822 
45 229 3 0 6956 12610 20087 25996 1073741822 
42 288 0 
237 142 3 0 11197 16340 19443 24270 1073741822 
194 273 0 
219 254 0 
55 120 3 0 3318 7230 13395 17504 1073741822 
51 182 0 
115 263 3 0 13239 20234 22959 27329 1073741822 
63 291 0 
137 229 2 0 16647 20269 1073741822 
208 98 0 
217 159 0 
