30 0
66 157 1 3769 1073741822 
18 244 0 
29 109 3 0 2043 6457 9182 14858 1073741822 
216 226 2 0 1510 5336 1073741822 
92 134 2 0 5230 12236 1073741822 
120 117 3 0 723 7123 18899 24789 1073741822 
140 85 2 0 3402 8716 1073741822 
22 75 0 
13 118 3 0 1416 7770 9658 16454 1073741822 
186 95 0 
229 250 3 0 33 4123 19304 24694 1073741822 
90 162 0 
112 111 2 0 11876 16925 1073741822 
68 217 2 0 160 4402 1073741822 
191 90 2 0 3267 8022 1073741822 
54 142 0 
16 91 3 0 11730 18170 22474 26605 1073741822 
96 88 0 
151 81 2 0 165 6541 1073741822 
164 232 3 0 3631 8442 21331 28276 1073741822 
207 236 0 
223 136 0 
47 240 0 
252 98 3 0 1879 8396 25489 30963 1073741822 
142 111 3 0 4064 9168 17023 22797 1073741822 
77 251 3 0 5122 11828 21954 29077 1073741822 
152 268 3 0 5310 10530 18138 22483 1073741822 
87 262 2 0 9500 15153 1073741822 
39 278 0 
203 290 2 0 619 6294 1073741822 
