50 0
102 70 2 5313 20662 25518 1073741822 
134 117 0 
7 148 2 0 17600 23594 1073741822 
90 189 0 
173 197 0 
78 280 0 
93 63 0 
127 121 0 
22 283 2 0 15105 21621 1073741822 
239 176 0 
252 111 2 0 3613 9517 1073741822 
135 200 3 0 222 7358 15898 20102 1073741822 
114 108 0 
9 233 3 0 17024 21219 25672 31271 1073741822 
230 73 0 
122 211 0 
35 153 3 0 2224 8595 17292 23625 1073741822 
183 152 3 0 9900 14539 27638 33576 1073741822 
254 151 3 0 6745 11399 16957 22192 1073741822 
192 194 3 0 10902 17593 27965 34603 1073741822 
101 219 0 
150 276 3 0 8601 15677 32107 37775 1073741822 
17 232 0 
18 174 0 
56 69 0 
15 152 3 0 10136 14698 20682 26194 1073741822 
47 92 2 0 5016 11833 1073741822 
54 121 0 
205 229 0 
14 150 3 0 1097 6126 20187 24020 1073741822 
206 120 0 
199 109 3 0 1357 7023 14127 17728 1073741822 
175 235 2 0 9257 14211 1073741822 
223 62 0 
229 145 3 0 7596 11263 27615 32748 1073741822 
91 211 3 0 3377 10466 20579 25170 1073741822 
157 157 3 0 5815 11921 18841 22622 1073741822 
207 271 0 
208 103 2 0 10912 15051 1073741822 
29 181 3 0 15587 20467 22812 28740 1073741822 
72 266 2 0 13018 19341 1073741822 
57 205 2 0 984 5651 1073741822 
194 63 0 
168 70 0 
247 93 3 0 1563 5709 19383 23598 1073741822 
24 244 2 0 6995 11374 1073741822 
228 102 0 
198 144 2 0 10847 17874 1073741822 
152 293 0 
64 76 0 
