100 0
231 228 0 
151 146 3 0 1338 7712 28941 32574 1073741822 
126 262 2 0 93 3931 1073741822 
141 146 2 0 2063 8777 1073741822 
136 215 0 
75 173 3 0 2826 6652 27654 34355 1073741822 
210 169 3 0 10815 16625 20022 25824 1073741822 
215 282 2 0 11483 16819 1073741822 
19 144 0 
165 276 0 
212 101 2 0 7026 12648 1073741822 
213 138 0 
123 62 2 0 18369 22806 1073741822 
1 231 3 0 28152 32276 40127 44144 1073741822 
169 241 2 0 5426 11132 1073741822 
4 239 3 0 27116 32122 34668 41590 1073741822 
158 257 0 
26 216 0 
214 112 2 0 2989 9927 1073741822 
185 209 3 0 2528 7951 31895 37563 1073741822 
105 95 0 
178 212 0 
16 260 3 0 11405 15869 30278 35156 1073741822 
233 170 0 
132 183 0 
27 289 2 0 25172 30288 1073741822 
181 161 0 
58 108 0 
73 261 0 
99 249 0 
43 195 0 
124 163 3 0 3299 7545 18210 24865 1073741822 
10 262 0 
64 85 3 0 20137 25077 30586 37597 1073741822 
140 242 0 
62 265 3 0 4777 10972 19205 24620 1073741822 
237 268 2 0 11077 15744 1073741822 
46 286 0 
36 117 2 0 20175 25403 1073741822 
22 297 0 
163 292 2 0 2039 8585 1073741822 
203 272 0 
208 149 0 
183 294 3 0 6834 13125 38952 43162 1073741822 
52 101 0 
204 209 0 
113 116 0 
227 189 0 
119 268 0 
167 192 0 
164 125 2 0 2961 7496 1073741822 
74 295 0 
193 134 3 0 6444 12261 33219 37009 1073741822 
171 289 2 0 7369 13785 1073741822 
159 61 0 
253 212 3 0 1391 5724 16771 23812 1073741822 
162 205 2 0 3794 8806 1073741822 
168 120 0 
236 178 0 
111 213 0 
135 119 3 0 16839 21735 32143 39163 1073741822 
180 243 0 
207 259 0 
45 136 0 
173 187 3 0 2 4276 6623 12846 1073741822 
88 109 3 0 6014 11399 20189 26242 1073741822 
172 289 2 0 6257 12893 1073741822 
118 217 2 0 21263 27878 1073741822 
0 246 3 0 2893 8299 33334 38911 1073741822 
83 289 0 
84 253 2 0 8576 12210 1073741822 
195 215 2 0 8957 14494 1073741822 
223 237 0 
103 76 0 
194 266 3 0 30018 34389 39008 45874 1073741822 
115 85 0 
77 68 0 
201 262 0 
14 275 3 0 4580 10786 31539 35403 1073741822 
134 114 0 
60 174 3 0 19364 23714 38116 43529 1073741822 
32 241 0 
78 176 0 
121 91 0 
6 86 0 
12 83 0 
35 293 0 
81 175 0 
102 285 3 0 15559 22430 36247 41538 1073741822 
92 193 0 
72 252 0 
21 68 3 0 12999 17414 41391 45867 1073741822 
186 212 2 0 3674 10285 1073741822 
230 125 0 
25 293 3 0 2461 7724 14042 20840 1073741822 
23 216 3 0 5092 11838 17818 22425 1073741822 
254 61 0 
55 178 3 0 6580 11963 19595 26207 1073741822 
252 186 0 
219 202 2 0 15042 19901 1073741822 
