30 0
27 216 2 6123 18226 24130 1073741822 
175 148 0 
17 262 0 
246 145 0 
153 92 3 0 393 6636 9484 16398 1073741822 
225 204 2 0 12453 16564 1073741822 
85 86 0 
86 103 3 0 110 4358 16282 23375 1073741822 
209 178 2 0 6554 12564 1073741822 
11 136 0 
90 84 3 0 1399 5483 15746 19665 1073741822 
189 282 0 
239 149 0 
207 93 0 
198 190 2 0 1834 7701 1073741822 
45 189 0 
233 249 0 
159 218 3 0 1888 6116 8905 12599 1073741822 
55 155 2 0 244 5961 1073741822 
51 61 0 
150 214 2 0 9661 15318 1073741822 
221 169 3 0 8300 15362 20777 27501 1073741822 
47 251 3 0 552 6844 27061 32561 1073741822 
219 167 3 0 1039 7874 18850 24540 1073741822 
136 233 0 
170 115 0 
80 64 3 0 6621 11431 16426 22774 1073741822 
35 119 2 0 8009 15068 1073741822 
7 136 3 0 1353 8547 12111 17584 1073741822 
194 121 0 
