100 0
108 106 0 
101 212 2 0 23516 29473 1073741822 
26 166 3 0 29875 34693 36536 41486 1073741822 
136 224 0 
58 163 0 
79 261 0 
201 252 2 0 29793 33729 1073741822 
37 189 2 0 13942 19858 1073741822 
20 73 3 0 19441 24004 29824 36057 1073741822 
34 142 0 
151 102 0 
226 229 0 
38 62 0 
7 164 0 
121 129 3 0 10638 17610 26898 33961 1073741822 
84 240 2 0 6839 12637 1073741822 
77 76 0 
253 125 0 
191 185 3 0 16052 21894 40518 46137 1073741822 
146 152 2 0 11488 17244 1073741822 
246 212 0 
153 246 0 
171 255 3 0 16899 23304 32038 37145 1073741822 
29 205 3 0 3962 8182 26636 33461 1073741822 
17 230 0 
208 176 0 
175 88 0 
73 186 0 
217 288 2 0 25023 30496 1073741822 
45 154 0 
220 153 0 
135 296 0 
32 186 0 
158 165 0 
248 65 0 
234 81 0 
54 289 3 0 11956 16243 35018 41018 1073741822 
4 276 2 0 170 7062 1073741822 
129 168 0 
155 296 0 
203 178 0 
3 178 2 0 1912 7113 1073741822 
70 215 2 0 6892 12167 1073741822 
114 279 2 0 700 5590 1073741822 
139 282 0 
227 73 3 0 18013 23215 36901 41309 1073741822 
96 88 0 
99 169 2 0 18909 23662 1073741822 
189 283 3 0 9897 15927 40121 44605 1073741822 
243 176 3 0 11522 17123 27999 32905 1073741822 
67 208 0 
83 281 0 
210 210 0 
27 244 3 0 3056 7510 22936 29368 1073741822 
250 281 0 
157 187 2 0 9281 13330 1073741822 
78 167 0 
239 139 0 
196 261 0 
127 282 3 0 3275 9762 11794 16474 1073741822 
245 149 0 
162 245 3 0 15603 20026 24848 29158 1073741822 
132 63 3 0 2007 7694 34278 40055 1073741822 
161 209 2 0 12408 19137 1073741822 
59 90 0 
181 211 3 0 12712 19099 34262 38055 1073741822 
123 68 0 
170 205 2 0 9323 16195 1073741822 
48 257 0 
9 285 0 
241 147 2 0 2826 8650 1073741822 
206 130 0 
89 78 0 
112 206 0 
160 65 2 0 14721 18698 1073741822 
193 142 3 0 24591 29218 31944 38724 1073741822 
231 122 2 0 12023 16351 1073741822 
237 275 0 
251 208 0 
102 235 0 
13 96 0 
49 100 3 0 11756 15763 36106 39928 1073741822 
224 241 0 
11 153 3 0 31923 37697 40142 44823 1073741822 
109 246 3 0 623 7075 27757 32583 1073741822 
69 178 0 
46 247 0 
236 123 2 0 26426 31629 1073741822 
209 224 2 0 6109 13212 1073741822 
163 66 0 
50 206 3 0 3408 9182 37316 44221 1073741822 
25 225 2 0 27938 31883 1073741822 
225 177 2 0 27585 34496 1073741822 
76 88 3 0 13024 17016 31221 36136 1073741822 
16 156 3 0 692 7102 21106 27726 1073741822 
134 198 0 
95 244 0 
199 264 0 
182 263 0 
140 139 2 0 13950 18270 1073741822 
