100 0
246 104 1 5537 1073741822 
155 288 2 0 14547 18418 1073741822 
106 220 2 0 23451 28305 1073741822 
37 79 3 0 7513 14178 34871 38594 1073741822 
91 98 0 
34 89 2 0 12518 16896 1073741822 
68 207 0 
24 200 3 0 2536 8240 11077 17588 1073741822 
54 79 0 
72 148 0 
177 264 2 0 22789 28685 1073741822 
6 259 0 
115 152 0 
111 120 3 0 24823 30888 37243 44386 1073741822 
228 188 0 
161 230 2 0 29239 35592 1073741822 
7 157 3 0 7026 12374 22426 26347 1073741822 
8 133 0 
166 80 2 0 10919 17608 1073741822 
130 282 0 
65 205 3 0 10914 15010 19248 22868 1073741822 
1 80 2 0 24121 30827 1073741822 
15 147 0 
50 70 2 0 5407 9286 1073741822 
164 262 0 
3 267 0 
39 79 0 
152 190 3 0 1550 5176 34668 40602 1073741822 
27 270 3 0 108 4585 16381 22831 1073741822 
148 296 3 0 13264 17616 24228 29758 1073741822 
131 284 0 
245 71 0 
149 145 2 0 8263 15237 1073741822 
216 271 0 
22 262 2 0 461 4911 1073741822 
93 239 0 
156 107 3 0 22098 28369 34637 41119 1073741822 
124 190 3 0 3560 8434 38915 44563 1073741822 
51 256 2 0 6864 12756 40776 
180 123 0 
238 136 2 0 3041 8332 42116 
211 273 2 0 16483 20918 1073741822 
233 296 0 
220 257 2 0 1447 5050 1073741822 
88 266 3 0 8366 12618 14861 21073 1073741822 
185 66 0 
144 93 3 0 9169 15550 31771 38519 1073741822 
202 103 0 
142 252 0 
222 194 0 
66 238 2 0 19070 25204 1073741822 
167 251 3 0 6389 13006 35372 41352 1073741822 
186 117 0 
117 281 0 
249 149 3 0 28553 34823 39343 44930 1073741822 
32 100 2 0 9585 15012 1073741822 
173 126 0 
254 107 2 0 2787 8415 1073741822 
235 181 2 0 20087 26303 1073741822 
176 233 0 
200 263 0 
23 188 3 0 2598 6589 24259 29415 1073741822 
73 271 2 0 19062 23343 1073741822 
112 177 2 0 23374 27634 1073741822 
109 199 0 
210 261 0 
234 283 0 
175 170 3 0 34 3647 31754 36712 1073741822 
121 131 0 
122 278 0 
184 293 0 
168 270 0 
26 113 2 0 2164 6462 1073741822 
84 174 2 0 16184 19944 1073741822 
201 86 3 0 30540 35139 39342 42952 1073741822 
212 67 3 0 10449 16887 30742 36120 1073741822 
118 253 0 
82 122 2 0 18694 23259 1073741822 
198 245 0 
17 114 0 
81 268 0 
96 202 0 
248 157 3 0 5032 9986 19597 24661 1073741822 
252 299 2 0 1772 5719 1073741822 
30 143 2 0 1764 7534 1073741822 
63 186 2 0 15075 21472 1073741822 
204 225 2 0 16679 23048 1073741822 
187 214 0 
136 266 2 0 26768 33364 1073741822 
21 224 3 0 225 5075 16959 22322 1073741822 
12 61 0 
85 189 3 0 14799 18448 30508 37464 1073741822 
49 278 0 
18 257 0 
60 126 2 0 2068 7640 1073741822 
78 280 0 
217 291 2 0 980 5629 1073741822 
209 153 2 0 17715 22406 1073741822 
154 85 3 0 5987 12583 33081 39895 1073741822 
242 265 0 
