50 0
121 121 1 6960 1073741822 
210 65 2 0 4567 9054 1073741822 
11 255 0 
153 112 0 
207 272 3 0 15199 20247 28821 35615 1073741822 
145 136 0 
36 167 0 
229 223 2 0 299 7078 1073741822 
110 187 3 0 16672 21479 24196 29822 1073741822 
38 239 3 0 63 7169 18892 23758 1073741822 
77 234 0 
17 147 3 0 2479 8285 19096 26234 1073741822 
209 72 3 0 2369 8707 23906 28838 1073741822 
0 254 0 
245 189 2 0 3431 9646 1073741822 
160 93 2 0 7612 11618 1073741822 
247 277 0 
30 154 3 0 663 5859 13649 17273 1073741822 
48 192 0 
113 171 0 
149 69 3 0 7451 11202 22304 25941 1073741822 
26 106 0 
152 67 0 
83 79 0 
102 149 0 
215 214 3 0 206 3897 29415 35103 1073741822 
35 216 0 
216 192 2 0 814 5618 1073741822 
158 207 0 
66 257 0 
13 203 0 
2 111 0 
84 222 0 
87 249 0 
128 207 0 
249 221 2 0 12973 18445 1073741822 
120 292 2 0 816 6692 1073741822 
42 156 0 
124 186 0 
64 123 0 
237 297 0 
54 94 0 
139 132 0 
232 162 2 0 11997 18644 1073741822 
71 245 2 0 4940 10888 1073741822 
9 136 2 0 15302 19460 1073741822 
146 204 0 
46 261 0 
67 175 3 0 2804 8179 21437 26595 1073741822 
119 243 2 0 237 3856 1073741822 
