50 0
102 208 0 
205 255 3 0 4765 8540 13649 18474 1073741822 
97 173 0 
106 192 0 
65 62 2 0 5669 11018 1073741822 
29 176 0 
54 217 0 
133 69 0 
217 232 0 
254 139 0 
170 156 0 
63 121 0 
236 262 2 0 493 4500 1073741822 
86 231 0 
64 120 0 
11 120 0 
70 178 2 0 4092 8710 1073741822 
89 260 0 
53 200 0 
98 205 0 
163 269 0 
91 228 0 
36 281 3 0 11182 16605 32766 36649 1073741822 
75 102 2 0 4579 8604 1073741822 
115 254 0 
230 253 0 
149 170 0 
129 102 0 
199 220 3 0 15100 20747 23446 28135 1073741822 
4 220 3 0 911 6803 17269 22790 1073741822 
50 224 2 0 16492 22740 1073741822 
43 201 0 
82 79 0 
168 156 3 0 1848 6077 20621 27024 1073741822 
108 285 0 
232 173 0 
85 289 2 0 5306 10049 1073741822 
68 87 0 
19 194 2 0 7678 14231 1073741822 
20 208 0 
239 299 3 0 15344 22508 24712 31303 1073741822 
101 284 0 
188 290 3 0 14313 18782 24075 29466 1073741822 
76 228 2 0 5310 10355 1073741822 
113 237 3 0 38 7068 14365 20431 1073741822 
3 177 2 0 17836 22496 1073741822 
42 265 0 
14 266 0 
138 190 3 0 695 7686 19322 26202 1073741822 
131 203 3 0 1620 8729 17251 22042 1073741822 
