50 0
13 237 0 
127 153 3 0 11207 14890 23741 28938 1073741822 
46 108 2 0 9061 13795 1073741822 
107 110 0 
225 195 0 
210 86 0 
241 118 0 
189 252 3 0 7009 12847 26399 30589 1073741822 
215 196 0 
36 258 3 0 8297 13062 23196 28632 1073741822 
135 61 0 
183 202 0 
93 216 0 
181 126 0 
125 122 0 
96 184 0 
217 203 2 0 14200 20847 1073741822 
0 90 2 0 16168 21912 1073741822 
138 212 2 0 360 5730 1073741822 
120 150 3 0 3678 10185 16054 20720 1073741822 
139 95 2 0 347 6036 1073741822 
202 211 2 0 737 6568 1073741822 
194 270 2 0 5572 10214 1073741822 
142 295 3 0 10956 14678 19310 24085 1073741822 
154 268 2 0 9159 14083 1073741822 
82 60 0 
211 241 0 
11 83 3 0 7413 14198 19781 25009 1073741822 
56 138 0 
244 112 3 0 15521 21554 23649 28573 1073741822 
102 188 0 
180 124 2 0 6099 10871 1073741822 
238 65 3 0 12948 19441 24961 31176 1073741822 
237 247 2 0 15007 20465 1073741822 
137 122 2 0 509 6062 1073741822 
190 83 2 0 16596 22204 1073741822 
68 78 2 0 1505 5941 1073741822 
141 119 0 
35 291 3 0 3579 9539 11747 16012 1073741822 
199 156 3 0 2067 6886 14097 18751 1073741822 
79 72 3 0 3774 9721 19693 25741 1073741822 
31 92 0 
65 261 3 0 272 5078 7851 14953 1073741822 
231 223 3 0 9048 15995 22558 26611 1073741822 
16 68 3 0 187 5545 14906 19586 1073741822 
73 235 0 
105 116 3 0 15331 21522 24024 27638 1073741822 
26 96 2 0 14982 18695 1073741822 
176 118 2 0 7852 12881 1073741822 
246 99 3 0 1960 6569 16428 20614 1073741822 
