50 0
131 178 2 6858 29877 35737 1073741822 
18 191 3 0 725 6311 19492 25508 1073741822 
189 124 0 
154 267 0 
194 235 3 0 13355 19289 21209 26011 1073741822 
25 111 3 0 1105 7396 14791 20098 1073741822 
69 122 0 
26 200 2 0 17640 23329 1073741822 
28 221 3 0 4295 9408 16204 21513 1073741822 
23 177 0 
49 105 0 
134 279 0 
204 121 0 
205 243 2 0 954 6265 1073741822 
73 115 3 0 1220 8192 20576 25575 1073741822 
74 189 0 
4 273 0 
217 62 3 0 14604 18333 25236 29760 1073741822 
120 171 2 0 16588 20841 1073741822 
91 125 0 
51 109 0 
56 107 0 
104 164 2 0 11853 15782 1073741822 
145 155 0 
216 124 3 0 13720 18675 30123 37008 1073741822 
244 72 3 0 18600 23357 29259 35594 1073741822 
227 247 0 
90 164 3 0 6422 12564 29475 36634 1073741822 
231 255 0 
34 155 0 
70 145 3 0 240 4146 12472 16908 1073741822 
0 189 0 
135 178 0 
236 295 2 0 16214 20162 1073741822 
151 75 2 0 7280 14111 1073741822 
211 281 2 0 1629 8336 1073741822 
95 156 3 0 12018 18650 24950 31452 1073741822 
75 109 0 
87 239 2 0 7548 13143 1073741822 
63 207 0 
218 202 2 0 12271 19243 1073741822 
53 148 2 0 3511 9528 1073741822 
68 199 0 
157 123 0 
183 151 0 
161 251 2 0 6840 13024 1073741822 
155 231 0 
248 116 2 0 8577 13540 1073741822 
162 78 0 
253 79 0 
