100 0
78 126 0 
222 240 0 
33 185 0 
54 92 2 0 4298 11382 1073741822 
176 187 0 
112 263 0 
0 157 0 
143 283 3 0 30571 35054 40424 44806 1073741822 
44 177 3 0 9409 13976 34446 40170 1073741822 
30 271 0 
246 149 0 
79 257 2 0 915 7440 1073741822 
218 194 0 
80 212 3 0 756 7122 23926 30839 1073741822 
66 240 0 
100 117 2 0 21829 26279 1073741822 
96 152 0 
19 165 0 
211 157 0 
41 102 0 
97 268 0 
87 236 3 0 18554 24226 40937 46597 1073741822 
195 262 3 0 2143 6209 41568 45916 1073741822 
225 298 3 0 9873 17064 28547 32151 1073741822 
185 166 0 
144 267 0 
237 94 2 0 12181 18951 1073741822 
241 231 2 0 27720 33469 1073741822 
199 70 0 
46 279 0 
32 278 2 0 5111 11869 1073741822 
98 277 0 
162 147 2 0 6105 12974 1073741822 
232 105 0 
36 134 3 0 15107 19943 29087 33600 1073741822 
220 211 2 0 8918 14294 1073741822 
247 114 2 0 34595 41615 1073741822 
188 98 0 
160 170 0 
29 169 0 
183 137 0 
248 223 0 
119 282 3 0 9927 15386 40782 44831 1073741822 
171 94 2 0 715 6334 1073741822 
56 68 3 0 9129 15817 39084 46062 1073741822 
227 62 2 0 18442 23942 1073741822 
125 255 0 
168 204 2 0 1554 6968 1073741822 
207 199 0 
132 96 2 0 25743 29539 1073741822 
26 99 3 0 116 5519 13713 20140 1073741822 
217 273 0 
161 133 0 
3 192 0 
121 137 0 
122 199 3 0 7204 12368 14615 20458 1073741822 
223 289 0 
124 210 0 
177 285 3 0 20835 26560 30965 37378 1073741822 
182 294 2 0 2078 8633 1073741822 
239 196 0 
203 159 0 
109 284 3 0 16036 21238 37040 43439 1073741822 
172 295 0 
204 78 2 0 73 6937 43364 
104 112 0 
159 167 3 0 25861 32158 40676 46423 1073741822 
28 172 0 
179 96 0 
164 73 0 
236 228 2 0 13460 17259 1073741822 
201 95 3 0 11502 17952 23758 28090 1073741822 
25 105 0 
6 201 3 0 20453 24472 30748 36752 1073741822 
226 294 3 0 449 5212 29820 35831 1073741822 
131 185 2 0 1376 5548 1073741822 
16 191 2 0 27573 34447 1073741822 
71 238 0 
249 126 2 0 23495 30601 1073741822 
150 100 2 0 5928 9636 1073741822 
88 240 0 
206 254 0 
233 177 0 
92 291 0 
108 250 0 
85 179 0 
14 204 0 
99 208 0 
94 72 2 0 22762 28771 1073741822 
200 167 3 0 2001 6652 14476 19418 1073741822 
178 86 2 0 1273 6335 1073741822 
11 214 0 
252 158 0 
15 209 3 0 15245 22438 39062 43281 1073741822 
244 117 3 0 179 4844 12404 17897 1073741822 
215 240 0 
10 295 3 0 1368 5879 30917 36666 1073741822 
38 94 2 0 3714 10742 1073741822 
137 132 0 
238 225 0 
