30 0
212 282 1 4980 1073741822 
177 261 3 0 2088 8771 17440 23386 1073741822 
252 246 2 0 16312 20385 1073741822 
137 221 0 
47 297 2 0 1289 6107 1073741822 
120 209 2 0 4018 10943 1073741822 
156 259 0 
8 124 0 
99 298 0 
77 131 0 
22 201 3 0 4927 10661 30520 37642 1073741822 
91 195 3 0 8710 12369 21227 26984 1073741822 
83 211 2 0 287 6672 1073741822 
115 125 2 0 14031 19923 1073741822 
231 210 0 
49 185 0 
150 208 0 
117 133 0 
247 153 3 0 8049 13162 20462 27450 1073741822 
244 74 3 0 14142 21313 31975 36707 1073741822 
87 78 3 0 11843 19004 22448 26869 1073741822 
32 138 2 0 214 6594 1073741822 
106 144 3 0 12026 16441 27952 32973 1073741822 
66 157 3 0 9654 16519 29280 34562 1073741822 
5 247 0 
52 104 3 0 4991 9680 16563 22951 1073741822 
70 200 3 0 374 4356 36441 40118 1073741822 
15 262 2 0 14817 20009 1073741822 
138 287 2 0 20493 27177 1073741822 
102 201 3 0 3153 9306 21589 26684 1073741822 
