100 0
235 98 0 
204 257 3 0 44 4265 16881 21447 1073741822 
168 62 2 0 2534 9358 1073741822 
144 215 3 0 3143 8590 21769 27601 1073741822 
135 91 0 
33 295 0 
75 207 0 
167 81 0 
143 297 0 
11 104 0 
188 118 3 0 6907 10526 37501 42611 1073741822 
50 60 3 0 25700 29589 31390 38443 1073741822 
234 244 3 0 578 6551 20880 27240 1073741822 
128 226 0 
222 74 0 
19 151 0 
3 65 0 
213 176 2 0 1393 5286 1073741822 
199 284 2 0 23202 29580 1073741822 
147 205 0 
2 206 0 
182 205 3 0 9685 13540 30197 34440 1073741822 
228 60 0 
40 284 0 
201 129 2 0 15540 19486 1073741822 
117 262 0 
36 271 2 0 21638 25833 1073741822 
66 137 2 0 11028 16444 1073741822 
215 187 0 
98 227 3 0 8891 13834 25540 29236 1073741822 
41 287 2 0 23065 28786 1073741822 
8 66 0 
115 83 3 0 16181 22413 30579 36929 1073741822 
123 295 3 0 8019 14057 18908 24334 1073741822 
9 292 2 0 32303 37803 1073741822 
153 131 0 
154 177 2 0 9344 15498 1073741822 
158 69 0 
249 66 0 
112 61 3 0 14677 20290 32800 39044 1073741822 
156 135 3 0 31187 35674 41303 46015 1073741822 
32 246 3 0 1191 6921 29536 33656 1073741822 
218 179 0 
139 116 0 
77 71 2 0 1979 6090 1073741822 
208 168 2 0 1578 7945 46252 
87 150 0 
132 264 0 
25 177 2 0 11800 18678 1073741822 
180 105 0 
232 247 2 0 16136 21940 1073741822 
48 183 0 
34 75 3 0 17465 23510 29202 34385 1073741822 
42 277 3 0 18271 22731 31661 35369 1073741822 
80 194 0 
223 240 0 
88 295 2 0 24689 31850 1073741822 
186 268 0 
122 114 2 0 3816 7862 44467 
54 203 2 0 3994 8207 43772 
60 271 3 0 5180 9400 18536 25044 1073741822 
183 136 0 
146 223 2 0 6573 10425 1073741822 
141 168 2 0 1621 7563 43138 
220 180 0 
227 141 0 
105 200 3 0 24167 28744 33819 38910 1073741822 
61 133 0 
102 263 3 0 1152 5342 29848 34333 1073741822 
57 289 0 
140 252 2 0 3262 8342 1073741822 
46 83 0 
184 167 3 0 22596 28666 39079 46251 1073741822 
237 238 2 0 12110 19179 1073741822 
192 79 3 0 5991 9934 26216 32332 1073741822 
207 123 0 
242 157 2 0 4938 10549 1073741822 
181 70 0 
111 123 2 0 31765 38356 1073741822 
248 157 0 
69 101 2 0 889 4668 46095 
35 183 0 
78 133 2 0 592 5469 1073741822 
159 250 0 
150 254 2 0 4985 11814 1073741822 
238 239 0 
68 258 0 
211 243 3 0 107 5377 15631 21997 1073741822 
14 98 0 
145 257 0 
104 170 2 0 20024 26921 1073741822 
190 208 0 
83 154 2 0 2008 8919 1073741822 
89 232 0 
198 268 0 
125 246 2 0 17995 23586 1073741822 
47 124 0 
110 268 0 
179 66 3 0 7736 12298 21018 27617 1073741822 
82 147 0 
