100 0
235 228 0 
33 251 0 
71 190 0 
149 129 2 0 17534 24584 1073741822 
82 212 3 0 745 5919 21199 24864 1073741822 
246 74 2 0 19925 26968 1073741822 
23 89 2 0 26172 30785 1073741822 
189 261 2 0 21545 25310 1073741822 
198 165 3 0 14221 18297 29382 33073 1073741822 
106 167 0 
90 253 3 0 14801 20442 38036 42388 1073741822 
160 173 2 0 5602 10808 1073741822 
27 214 0 
190 92 0 
60 152 2 0 10731 17657 1073741822 
105 90 3 0 10250 16913 20749 27193 1073741822 
212 241 0 
220 182 0 
207 197 3 0 7752 12809 28904 33782 1073741822 
150 257 2 0 5734 11538 1073741822 
163 150 0 
156 282 2 0 8139 14188 1073741822 
195 264 2 0 6341 13458 1073741822 
132 241 2 0 28097 34004 1073741822 
64 90 0 
102 243 2 0 29036 33279 1073741822 
42 137 0 
97 163 0 
79 79 0 
140 95 0 
56 69 0 
197 227 3 0 19242 23507 30917 37170 1073741822 
20 102 2 0 29705 34111 1073741822 
211 170 3 0 15441 20350 27643 31665 1073741822 
93 162 3 0 1800 5485 13612 19046 1073741822 
44 78 0 
50 66 0 
66 187 0 
199 290 0 
86 188 2 0 20818 25029 1073741822 
13 191 0 
237 158 0 
166 73 3 0 1480 6023 21111 24860 1073741822 
239 80 0 
165 163 0 
65 226 3 0 8716 15149 20995 28064 1073741822 
180 162 2 0 634 7622 1073741822 
29 270 0 
136 212 3 0 4392 10803 35434 39173 1073741822 
184 228 2 0 2864 7948 1073741822 
101 254 3 0 3922 9718 13627 18212 1073741822 
127 141 0 
95 138 0 
128 203 3 0 63 6747 17736 24916 1073741822 
243 287 3 0 16468 20138 23819 28319 1073741822 
145 205 0 
15 198 3 0 22097 25914 31740 37035 1073741822 
247 261 0 
83 197 0 
240 250 0 
49 114 3 0 22155 27926 32847 38306 1073741822 
36 178 2 0 8384 13075 1073741822 
167 198 0 
2 81 2 0 30918 36498 1073741822 
133 203 3 0 7036 11658 38424 45134 1073741822 
67 176 2 0 2292 5969 1073741822 
32 227 0 
63 178 3 0 19864 25607 39479 43137 1073741822 
203 109 2 0 30101 36379 1073741822 
175 295 3 0 732 5831 17653 24002 1073741822 
35 185 0 
242 215 0 
123 206 0 
228 246 0 
121 213 0 
89 260 0 
188 190 0 
99 188 3 0 12548 19068 23284 28556 1073741822 
87 108 0 
216 272 0 
249 253 0 
206 140 2 0 80 3769 1073741822 
172 106 0 
45 115 0 
96 190 0 
162 139 2 0 5313 9169 1073741822 
168 137 3 0 1201 5483 13913 18616 1073741822 
200 112 0 
118 122 3 0 14456 19591 22791 27289 1073741822 
98 188 0 
176 132 2 0 1856 7874 1073741822 
11 149 3 0 3705 7472 39118 45972 1073741822 
171 104 0 
48 254 2 0 23510 28560 1073741822 
19 188 2 0 21784 26311 1073741822 
141 192 2 0 9443 13125 1073741822 
72 187 0 
233 212 2 0 16869 22161 1073741822 
115 235 0 
142 68 3 0 5628 12137 17316 22030 1073741822 
