15 10
 2  34  3  55  5  95  9  16  4  21  6  71  0  53  8  52  1  21  7  26 
 3  39  2  31  0  12  1  42  9  79  8  77  6  77  5  98  4  55  7  66 
 1  19  0  83  3  34  4  92  6  54  9  79  8  62  5  37  2  64  7  43 
 4  60  2  87  8  24  5  77  3  69  7  38  1  87  6  41  9  83  0  93 
 8  79  9  77  2  98  4  96  3  17  0  44  7  43  6  75  1  49  5  25 
 8  35  7  95  6   9  9  10  2  35  1   7  5  28  4  61  0  95  3  76 
 4  28  5  59  3  16  9  43  0  46  8  50  6  52  7  27  2  59  1  91 
 5   9  4  20  2  39  6  54  1  45  7  71  0  87  3  41  9  43  8  14 
 1  28  5  33  0  78  3  26  2  37  7   8  8  66  6  89  9  42  4  33 
 2  94  5  84  6  78  9  81  1  74  3  27  8  69  0  69  7  45  4  96 
 1  31  4  24  0  20  2  17  9  25  8  81  5  76  3  87  7  32  6  18 
 5  28  9  97  0  58  4  45  6  76  3  99  2  23  1  72  8  90  7  86 
 5  27  9  48  8  27  7  62  4  98  6  67  3  48  0  42  1  46  2  17 
 1  12  8  50  0  80  2  50  9  80  3  19  5  28  6  63  4  94  7  98 
 4  61  3  55  6  37  5  14  2  50  8  79  1  41  9  72  7  18  0  75 
duedates
900 1150 1050 1350 1200 900 950 850 900 1500 850 1350 1000 1150 1000
setups
0  17 20 15 17 16 16 14 8  19 19 12 17 13 20
20 0  6  7  11 9  14 16 6  18 15 12 19 9  15
15 6  0  16 20 15 12 7  8  9  8  8  14 9  20 
15 9  13 0  11 16 18 6  11 15 13 7  11 5  7
20 20 14 10 0  19 8  18 12 18 20 6  7  14 10
20 8  18 17 20 0  14 18 9  7  13 10 12 10 9
11 20 15 17 7  17 0  18 16 7  10 9  10 7  14
17 19 20 19 8  8  20 0  6  15 11 12 18 18 19
14 5  20 5  18 8  6  20 0  9  13 7  5  15 7
20 17 6  15 10 8  12 14 7  0  14 19 9  7  15
12 15 7  20 17 13 15 13 12 14 0  20 8  12 15
10 17 13 14 15 14 19 20 6  20 11 0  7  15 6
17 13 6  13 15 14 7  11 6  9  11 19 0  15 9
10 19 6  12 10 18 16 18 11 5  10 17 19 0  9
13 14 9  7  8  14 8  20 12 19 12 19 11 13 0
breaks
10  20  30  10  20  30  10  20  30  10
250 500 400 600 700 300 400 350 100 800
