100	10	3	10	481987720.214299	19426.9288
38784	16744	55951	9876	12564	7487	52926	60759	78868	13306	
44138	29819	16458	17141	28651	13911	33359	64510	15080	100842	
15249	14557	24209	87258	101912	88573	131845	80092	44991	31303	
4741	93335	49601	17231	74648	940	28017	60542	19155	16439	
33845	46381	86786	84042	82404	112096	89261	82970	87515	14284	
58901	7150	83276	17170	41521	104900	49187	28666	27858	23917	
17783	2648	20019	40192	64177	61317	56072	75818	68001	23665	
66472	78629	11135	77837	29547	65561	44613	75402	55482	72935	
103591	88779	26844	456	51182	62139	72214	12509	43300	32337	
25685	2433	79852	69810	43945	52134	97808	75733	61752	17398	
51808	41934	63545	21124	56926	55050	60828	60018	15530	66412	
86910	84485	56229	40844	38716	84689	98278	46963	32554	59546	
17565	68292	7545	82691	118041	63281	41582	68405	39499	2759	
38660	61196	92497	75795	33272	15344	41689	21672	35172	72379	
5606	43449	56806	73143	128877	4818	93939	74616	96239	105643	
52096	46922	85408	57217	17721	16437	94671	95638	2290	83679	
3595	110637	56236	1171	10305	69931	44295	48616	22651	82149	
84893	17121	82928	58812	37222	87447	39335	56924	56539	62730	
71953	83865	21561	2427	40117	57070	778	89615	29876	72506	
28583	20047	65781	33000	21822	11515	29088	35586	7823	2263	
40978	26347	43420	37093	25105	6130	15974	62581	80925	79413	
85530	25496	38829	38977	57007	112883	28550	71556	23596	38041	
1538	4317	88749	24178	74240	80503	43879	73941	66672	21061	
28314	13401	33789	101436	72210	64507	52869	121703	81631	70184	
4879	43240	61070	80397	66901	69505	49719	68896	17047	14796	
51728	32024	9932	48936	39206	2165	625	64249	50352	53209	
2013	18872	85970	76759	6062	30288	84404	47827	41792	41804	
66557	41645	71152	62215	74112	92144	18664	141328	50055	38922	
104038	5068	65767	91731	59679	43502	103410	50414	65870	86772	
85896	45330	106359	31728	84503	91737	21120	26770	89788	1304	
28863	50944	89445	33634	21303	10556	53608	99876	70232	59550	
17250	77949	13921	1312	21625	21532	20729	48813	32865	46760	
78471	41894	44088	14850	75137	2869	22542	66670	49158	96595	
31121	32934	42745	58101	7835	77974	73868	7976	28083	92037	
67147	66602	41998	14055	12018	45992	81511	25066	25281	81591	
124415	25863	21959	101152	38003	23616	41379	11144	2531	79694	
87581	53031	10927	31957	25240	107529	95089	9374	40316	16631	
32082	26756	32912	66899	14144	18804	87350	78083	69997	85094	
76340	29276	76333	62189	76623	44368	8464	87748	67068	22219	
19371	104259	87877	22011	26764	79086	578	85529	79276	24083	
47049	64969	30934	40996	9882	74169	86902	71235	11773	31501	
36292	26513	104336	72836	6957	96289	84576	46146	121244	63997	
62032	78438	22033	4188	34538	7623	75482	32921	37371	32820	
4700	13134	64737	11649	80127	20344	4621	6750	3094	52683	
112572	23370	65400	31686	53106	80290	100389	49163	54301	16938	
20974	27078	21284	37189	7742	54968	99170	71224	33184	37755	
72172	46390	46656	101211	22603	19419	1066	7949	13841	89109	
2064	96013	83962	87572	22614	79915	11191	73540	41524	67906	
62450	67976	35694	33595	23671	50179	15441	44670	60687	16899	
57834	25447	68443	13317	6256	35342	24142	40911	17271	18424	
51033	83437	20879	6467	89173	26951	99251	58905	66063	82586	
50731	44556	45953	1609	33371	42120	9480	88480	6464	37889	
35254	68233	53662	72880	1684	1621	40469	28375	13847	39370	
64347	79289	5125	12661	78163	99891	6210	12883	60317	12939	
133466	932	54104	72866	83303	9106	31220	51974	102656	89803	
62788	93251	68802	14280	47725	22255	1248	55264	49759	18262	
70486	18550	27489	9655	45114	55022	46202	33037	68324	50863	
49734	83603	28104	66062	74161	34959	13397	5519	6486	110849	
73532	102599	41936	56727	31529	66873	3333	117850	91048	78589	
34734	71926	83845	85118	1801	53709	39473	83984	33303	28243	
7696	27172	79347	82064	120904	64996	13650	55865	23964	81505	
31051	32715	14359	10038	30224	24291	85314	84453	79718	83879	
20376	38343	74284	90975	52369	47708	113096	101629	76543	71790	
20926	45126	67970	39101	90953	17186	67576	39294	366	64612	
88976	81748	49694	19075	18368	77802	5496	111647	65973	99958	
19585	58040	89968	43965	74077	33898	30194	69021	36050	77025	
41653	33982	85749	32324	9090	43130	10655	17458	64964	7832	
77566	22900	34254	69169	41167	12403	9522	16817	11262	70442	
97237	78622	19681	81005	47865	43238	73330	108711	79612	55391	
77102	45343	66623	57511	895	2563	31741	85161	44815	72941	
5733	92297	103747	3235	94630	35112	60577	68690	27542	55821	
43136	98007	50723	23270	54484	60816	5309	57167	60434	33998	
75300	70928	82557	17383	103752	20634	49247	76593	80820	36336	
49863	59592	71989	25722	54830	76388	6746	14861	25923	3109	
58462	26503	27994	69872	101833	90122	24184	13930	56512	2444	
41286	68364	64617	65561	37201	69091	30320	29518	88893	89228	
39178	70348	13230	39834	96394	74609	27829	15647	51483	35497	
47797	30272	29232	57102	34134	5609	36656	48209	4487	71021	
45787	6744	50967	114404	92859	33583	88886	94164	73289	55746	
36609	42862	108704	13228	6144	68093	122371	14802	8272	85525	
12923	30166	8731	84721	37310	5906	69333	84129	2392	115376	
92782	17143	74202	1221	47476	60829	41062	65793	92685	65742	
13988	12301	4665	58148	43164	90146	56321	64418	79430	97977	
67498	53398	125483	106525	66113	11297	54629	77651	20456	24932	
84748	76710	84742	46992	79460	76694	83205	17128	48708	74733	
15347	70496	35268	96295	25093	45962	4391	5140	30261	16603	
86600	63285	38786	85940	43197	8682	20507	734	65121	85124	
100211	70976	60530	17458	81177	72747	62300	31601	305	17455	
53688	26468	23283	55605	97276	73192	5934	17714	73632	65579	
77801	37129	13492	78538	66687	4822	33347	24687	25662	27967	
82062	3321	57086	54287	10161	109624	10705	36271	13563	68870	
56266	20151	83866	7708	96691	35955	3613	31240	55171	30890	
14581	45708	58120	42712	49729	84736	16554	85600	106930	68182	
70615	128701	40674	2936	37210	56007	102201	55338	57952	2586	
23302	51604	77249	93351	65020	53424	86400	41380	23425	78560	
66510	21897	98025	51940	101195	86847	41797	56682	15278	61751	
85463	42247	54495	81028	31852	52463	20649	51594	41968	86569	
61688	33007	24204	63460	19499	60594	8777	96680	75170	40020	
59258	13500	15837	65280	80563	9190	22017	79	71859	63524	
62585	32667	24642	58468	2769	131038	10149	35181	29873	46952	
0	5231	864203	151690	1840285	118222	2559935	106268	3356755	79428	4105879	128598	4822930	117274	5663905	110521	6305733	111017	7121429	110387	7699216	62354	8413076	87455	9152201	96680	9794277	141684	10644334	113192	11558571	90372	12410537	99412	13148367	116523	13733919	124196	14491691	133188	15145575	103129	15763673	105069	16726181	133271	17497559	130770	18343338	121418	19141342	110825	19825532	135018	20685084	139025	21356197	71124	22274422	131929	23232849	132494	24032332	103204	24704171	109587	25700605	96824	26544220	136800	27397942	106583	28237930	131877	29020447	116776	29826058	151991	30762517	133388	31632973	154319	32411248	94488	33118476	80946	33897435	78236	34790834	128163	35562977	99642	36360192	102228	37183025	123018	37818535	126667	38822816	82145	39444664	59585	40177736	108948	41151980	94845	41802231	112762	42446294	91709	43217812	95454	43914407	96965	44602666	100457	45241690	138315	46233930	154727	47227882	85274	48039691	124259	49021267	85597	49818864	150894	50485835	93541	51463295	98597	52110088	112468	52559157	84558	53368119	104613	54015593	99389	54747540	97468	55633321	78420	56229444	110428	57056033	141474	57714618	103199	58442422	79432	59144195	161462	60097987	122076	60921184	109837	61660876	96653	62517970	76526	63262246	130063	64044217	127225	65032109	77738	65704887	118239	66451877	134709	67273325	115299	68146215	97506	68992730	120616	69735737	165077	70675918	94790	71246779	123569	71971660	104316	72742261	100605	73702151	118957	74436518	94365	75311592	117432	76351819	97573	77197151	111016	77690918	92574	78309730	87917	79130810	111723	79980773	73655	80858201	118830	81746080	126423	82492934	122722	83131045	104915	83973261	86364	84756567	148960	85289047	142189	85874136	95842	86376524	125185	87218767	101686	87856973	108043	88582211	111765	89375027	110277	90155022	135798	90688989	112098	91435542	110963	92163482	77338	92908738	99381	93639579	110620	94546306	126193	95462741	97838	96105072	82122	96918649	107882	97576526	153677	98684606	147311	99445959	97643	100403725	144749	100953839	83005	101696998	114024	102474114	113705	103230341	119229	103868857	134416	104896381	96796	105421671	115835	106095276	89618	106662907	113612	107307797	102827	107938685	115644	108826407	97032	109497256	105894	110133562	112561	110805746	115491	111691576	135349	112650869	113079	113493693	120275	114404767	105324	115089964	99384	115973222	108079	116895753	128713	117871694	95920	118745724	87788	119354877	145917	120173197	89950	120971936	66934	121655354	155307	122397979	76945	123133432	157440	123895098	146332	124999888	111871	125364841	105064	125983033	150188	126711401	72539	127504260	100929	128166941	119699	129143110	135704	130071929	96123	130772631	96405	131668098	122827	132419385	87770	133207959	91935	133997856	107655	134800393	100820	135636683	125274	136156618	158509	137031413	109713	138042289	132402	138862650	118105	139767631	138131	140702067	99460	141698052	129943	142267362	130567	143002015	130310	143755661	140372	144743365	115056	145543034	116756	146453541	121692	147266885	38882	147972780	94724	148613164	52697	149208706	116383	149916542	117232	150752514	103571	151519047	87165	152180589	157273	153084057	80721	153793983	98676	154590872	108231	155456894	78449	156046904	107253	156888077	116996	157674707	118509	158478252	120746	159433821	116893	160036172	180930	160871963	115154	161635681	126808	162548497	97023	163095832	122804	164103964	111931	164813311	71857	165624662	78002	166546204	164377	167301895	129082	168001803	104712	168746460	80121	169526050	101093	170328578	117852	171261997	129523	171848625	114335	172593909	137534	173241777	128733	173956042	118526	174801248	71888	175659654	94234	176601882	97311	177637986	84476	178470775	108151	179033585	102169	179788305	122850	180568674	111120	181463969	129618	182179582	116490	182942099	128586	183701159	80946	184315322	111750	184898875	131178	185752734	83741	186578653	130878	187441822	125184	187746494	101396	188337889	97343	189155913	83510	190190884	131742	191023417	115511	191703787	92105	192472214	163089	193360029	83518	194315524	97025	195124419	118406	196027023	86879	196639649	109717	197204436	116262	198298760	152483	199159776	114773	199866195	101699	200724213	132177	201537759	110269	202355042	135746	202937687	104056	203630313	111671	204536613	117844	205156373	145360	206004720	115250	206690429	105964	207632894	77503	208433943	121677	209251123	132697	210109698	137789	211006375	118677	211808567	121331	212741490	107661	213375608	89325	214138829	137885	214973720	108497	215767267	65741	216404623	94514	217278153	136758	218085234	110943	218820824	105458	219701916	106019	220418258	95985	221223430	119485	221810453	106504	222519482	103556	223581411	133419	224200587	93545	225062666	120782	225691267	105292	226381970	148099	227264035	135867	228091936	101622	228655403	104971	229524191	102223	230412168	135999	231101694	77769	232078351	128566	232708883	103858	233521342	125518	234502183	114819	235458012	140803	236526909	70330	237358626	90457	238023367	117552	238910085	160360	239689592	130529	240275403	96122	241210531	132698	242095293	116093	242935344	137768	243636426	93090	244316016	77184	245126115	75117	246090370	109306	246625021	144606	247415619	93503	248140235	110673	249034448	125691	249826352	108670	250716882	108179	251534322	117557	252017159	125774	252901743	93876	253754330	122574	254607685	107509	255195974	113502	255809610	107241	256499609	76159	
0	43589	959277	111264	2121401	101253	3111229	106618	4188963	129599	5018995	102882	6073138	112042	7196967	125943	7913964	125564	8887826	114191	9732841	108911	10727732	95095	11372563	107206	12348298	88815	13018842	101531	13764789	112689	14597211	115954	15549825	98560	16339625	98190	17339721	91975	18118259	105540	18753192	128953	19413310	99151	20067720	127892	20750452	80078	21533030	113850	22425059	119277	23218141	89361	24008442	113878	24696731	62851	25631885	102740	26546529	94324	27220867	106088	27940726	103035	28894680	104290	29673667	112327	30645122	86504	31596848	130836	32368509	88392	33268518	98514	33921967	71342	34767035	106215	35457077	115361	36172368	87193	36977746	96496	37762132	96385	38578107	106720	39634248	112628	40296262	101128	40921519	125895	41592783	106111	42372825	157368	43059054	85861	43764018	115490	44949688	111494	45754968	69774	46527851	74936	47292913	114339	48119817	130356	49285718	109192	50295694	84566	50966474	116389	51530007	98385	52376766	101179	53244249	121371	54036956	88488	54728611	91272	55430331	101811	56185479	134616	57084965	119642	57998956	129103	58821545	119579	59409098	110018	60182257	94155	60804643	116061	61671343	109970	62569980	103915	63470108	118368	64034765	110864	64820956	121142	65808066	78116	66779396	92630	67633870	117709	68582292	106175	69431940	99337	70145220	116361	71013449	133517	72029598	85813	72757752	95800	73760008	82782	74522384	138133	75671277	116320	76450997	105689	77338214	122842	78051380	128167	78990640	118532	79564937	105883	80601590	95494	81302980	84205	82051053	148185	82705902	140048	83469770	100326	84167038	110993	84742050	82919	85526732	101404	86550136	104250	87417028	71479	87924827	92358	88853471	116191	89656716	106852	90330183	105115	91072115	104424	92041547	62477	92857564	127332	93769021	106167	94782826	90388	95375383	150918	96240778	105497	96985623	128768	97760302	98608	98600421	110926	99393964	70370	100323537	68062	101093133	119950	101940574	89036	102634466	83000	103566829	115770	104321556	125571	105341682	122971	106331645	97224	107113251	107976	108129356	121252	109266317	105374	110136667	139570	111004811	129519	111857390	112876	112606826	108004	113233293	101972	113985713	96749	114689663	172408	115602475	117682	116473481	69412	117590548	105396	118329013	116725	118978466	108521	119879216	106248	120749497	88599	121589516	115946	122627735	115518	123357496	118586	124072330	132037	124879374	69292	125479068	135706	126106023	74223	127012355	88570	127547690	113688	128308431	60992	128969598	108907	129846206	105752	130676449	103745	131514697	99526	132248669	123115	132941088	107144	133750817	83583	134592364	103530	135404419	83832	136243772	124100	136907852	71587	137747576	91311	138715979	119876	139738239	74514	140760852	102876	141272646	105992	142261880	120992	143087030	94563	144024552	117795	144935045	115909	145705787	129280	146387113	101765	147335504	83674	148398192	101173	149461052	111271	150400026	104964	151200542	149769	151993463	95144	152807894	131549	153742301	105577	154515150	103645	155322008	106571	155991334	143957	156820268	105692	157706265	107246	158394082	116769	159325241	100624	160220168	118698	160988408	105156	161904440	89823	162504593	126027	163459514	88543	164198479	54217	164891079	139738	165993226	42412	166542395	85035	167086567	64132	167882248	91961	168365051	106244	169101482	115670	170032133	127995	170988459	103564	171926952	95400	172647975	85404	173272672	110093	174201390	117794	175097998	91889	175828074	169181	176783278	105483	177892594	135324	178707939	143423	179481784	46914	180266830	86639	180960381	90486	181799663	122000	182802796	123570	183872193	89470	184599562	108163	185664170	101312	186561038	112471	187140558	110453	187972261	99245	188893984	109327	189783031	75978	190782587	87797	191635361	83680	192342455	126959	193055245	87350	193906112	136830	194816776	100806	195364610	107187	196142732	151050	197155007	77084	197900878	87777	198816015	126578	199651841	127641	200497850	139209	201392135	83593	202415314	98028	203321764	63111	204232942	112407	205329026	98647	206043464	120088	206848374	116502	207446166	101375	208477185	130218	209291439	60813	210298783	116028	211054025	103121	211860589	70747	212898768	92872	213491689	125243	214194422	119081	214813816	90182	215670928	90354	216612256	89331	217602555	109412	218722404	99578	219501661	88131	220251200	103307	220959308	130500	221688741	131052	222906466	104423	223617617	97302	224775227	113101	225670656	78336	226616575	89739	227344664	115522	228348358	108214	229162246	57319	230056929	100061	230793191	53094	231660865	131941	232476493	153422	233307667	138344	234180802	80451	234888174	83157	235639558	114428	236381027	101714	236968476	99743	237764177	69169	238643336	152432	239568061	128606	240576037	98499	241292956	72971	241817830	84754	242607264	140949	243292627	103345	244043957	130064	245036939	107954	245970721	124135	246601777	103643	247550390	70301	248072520	127203	248973474	52079	249918464	107511	250670033	100515	251679400	97357	252354211	109475	253231356	94978	253923174	106391	254809449	111053	256055800	103486	256602383	135317	
27805	77528	548670	82282	1104969	103007	1662110	105847	2106506	95099	2694634	88366	3162066	103093	3628219	140974	4167625	87758	4891838	73426	5494348	110563	6032136	104908	6769491	62445	7320224	79893	7914365	82440	8465877	48696	8837265	113330	9503446	77408	10057140	101196	10572555	87241	11082402	59453	11675861	103176	12368221	115982	13086448	75378	13765572	98133	14302529	62384	14810055	125281	15192880	89349	15578151	86474	16073694	64068	16596762	71773	17315644	111804	17893989	103200	18531440	71877	19002003	122981	19539050	126289	20263345	107489	20792771	118735	21367682	85773	21895126	118299	22536495	91705	23084116	96735	23551545	72724	24111585	88763	24596182	114655	25128911	96191	25602756	81799	26175342	98699	26667649	80260	27188278	83114	27936415	85555	28480024	66634	28912880	105224	29324781	81396	29736288	87887	30306535	123256	30936982	99904	31614692	93749	32124022	116070	32734656	65721	33256689	74587	33695545	50772	34160355	68034	34640097	78194	35092073	51754	35539161	83418	36104995	58291	36536731	71097	37087694	76681	37498320	95807	38012992	85254	38624483	103734	39165575	75008	39685312	88356	40179193	100583	40713873	114840	41228814	71743	41673291	95350	42220255	91931	42983601	100125	43425114	100752	44035875	106035	44705817	108572	45310291	114237	45975110	100633	46427409	109511	47176314	113353	47802697	93843	48249231	73243	48788186	59162	49410775	78918	49908373	83117	50443911	107641	50930628	90750	51487637	98646	51989777	96760	52655582	86541	53161908	87388	53615639	103904	54239298	102796	54646642	96521	55236451	84509	55775408	109500	56220874	90351	56655666	86313	57110892	85427	57848577	134581	58613143	97337	59130515	114006	59559971	90658	60161105	90618	60621075	77153	61213101	78882	61896549	93544	62623920	108328	63282857	54192	64009357	134510	64548915	98811	64935923	83803	65611208	105202	66251642	89430	66645156	99101	67311599	107812	68025044	99985	68458980	81618	69032437	88879	69516920	116861	70088308	92799	70609104	100185	71161610	130940	71782229	97305	72424462	75175	72724012	78473	73292106	120216	73738121	61882	74216487	93106	74772484	86639	75333877	66005	75895684	106241	76399306	83885	76997228	81130	77573115	106457	78140341	75841	78727454	88433	79416636	93201	79967692	63216	80494470	95438	81067830	73471	81632059	65396	82124403	64531	82655056	77992	83271264	87574	83912124	91775	84481675	87973	84964643	117097	85593581	106770	86172976	92382	86584211	98616	87142450	105289	87694925	96250	88060660	105591	88635572	93778	89277553	64749	89835610	99945	90347279	78205	90868324	100691	91484930	81551	91993089	89776	92385535	112643	93066620	73266	93664446	89488	94150654	92969	94760559	107619	95457132	76877	95936109	99495	96371874	110001	96904645	97685	97625305	92668	98021111	98083	98546764	130963	99076949	108936	99481139	49945	100061289	97345	100529492	81840	101110856	76786	101557289	83061	102142641	89561	102425244	85084	102952149	81726	103611477	79812	104186701	101591	104732021	71498	105193973	100114	105820889	89995	106173336	96661	106695100	100525	107290547	92386	107920242	99641	108615277	90523	109319976	85325	109986506	116578	110712863	93856	111088129	100944	111481592	56898	111845431	100253	112304266	103847	112837855	59538	113352876	104799	114211410	105719	114771943	89984	115348256	92997	115980041	111549	116503866	97725	117084169	65278	117557181	128463	118122765	95865	118641917	97312	119042992	75838	119561338	66446	120162167	76008	120818495	89835	121470302	60810	121821628	107555	122469247	74284	123212753	79764	123749251	67581	124288824	111325	124745933	96947	125379327	98127	125867783	99631	126596311	94267	127148706	89599	127623336	82952	128050024	91299	128610925	83645	129108586	77128	129699302	79085	130277299	66234	131004887	86932	131587832	89286	132110951	89174	132714116	103050	133227711	88202	133714067	82678	134272874	91304	134735406	83267	135289978	93010	135941906	56149	136439127	112616	137025946	101352	137615605	100783	138142923	79082	138577892	89437	139185201	79785	139884216	65255	140460917	92880	141002236	77726	141657975	83828	142141244	102422	142753298	62858	143256952	89489	143941344	89333	144522617	96092	145118870	84605	145720547	70773	146268140	101378	146814775	77039	147237709	89178	147776370	90642	148442717	56550	149270890	101223	149865517	48070	150483012	57890	150847496	49203	151266897	72757	151824563	73714	152467278	91469	153087688	72833	153608375	89944	154202973	111447	154810687	106122	155488139	75555	156145564	101114	156656028	75912	157332018	87244	157910687	107805	158716896	67624	159288724	79969	159758373	92648	160225933	57348	160631272	81783	161105896	91020	161567781	96223	162088653	78625	162578045	92221	163057143	102695	163658260	91663	164335033	87430	164940021	76306	165496750	103009	166092573	135382	166762154	104328	167371505	101292	167817019	94760	168337306	89799	168854805	78203	169469954	102722	170180826	103258	170728578	98156	171401325	111720	171961178	50428	172535598	86939	173005327	107148	173526082	112638	173995254	116569	174477575	120212	175034544	58407	175584266	107019	176180793	134728	176713793	59481	177226779	103391	177860147	113852	178535631	97048	179053421	83049	179374007	60342	179741800	79177	180275499	89395	180814943	115541	181438879	99584	181898498	80474	182457522	115506	183041048	117889	183534393	93638	184081098	96609	184579815	101567	185202618	81277	185781827	82902	186367711	101436	187063174	87497	187607539	81750	188114715	78353	188654944	71434	189211812	69338	189726075	84095	190378146	109810	190903907	100586	191439099	111051	192087389	106326	192744587	100125	193282714	66483	193724925	95912	194267945	58035	194845330	87590	195416004	88413	195838875	120748	196416873	85562	196960898	80509	197482227	75934	197980671	86107	198449111	80490	199090277	106843	199629621	74858	200209464	50917	200852216	102019	201325667	48171	201900072	95251	202501941	113911	203216596	92913	203705868	83834	204208449	86019	204749544	64388	205320370	122541	205816943	111771	206303325	76279	206912279	81418	207346339	101752	207919421	100798	208457694	100456	209161660	76332	209658862	105427	210326306	85129	210810016	118684	211303439	98391	212013522	98559	212478651	125632	213018719	60595	213611787	90129	214119215	115225	214667663	85573	215274865	99321	215827058	78717	216518038	85616	217036978	81177	217522872	72301	217954232	72216	218425461	96137	218965341	61844	219317276	97180	219881771	76880	220587000	117048	221022823	73670	221420817	65224	222045893	81739	222672255	91651	223356050	74087	223808137	59314	224311249	89266	224694269	108005	225440527	97174	225898046	93979	226219843	112443	226651585	99010	227138326	93637	227615084	64568	228194989	52318	228883874	107580	229350361	97368	230061023	86821	230583273	106327	231195776	95597	231835732	109732	232520367	88266	233009127	93477	233684343	81811	234011198	74376	234503712	118310	235187350	95059	235478717	79992	235830644	98891	236265188	91977	236847751	90922	237321754	97255	237790286	87819	238504887	106827	238945934	96948	239654611	110367	240218766	90188	240679857	99518	241258276	50005	241832470	86506	242452406	76843	243113648	88022	243630599	99758	244238472	90085	244770718	98512	245325746	63419	245862174	86722	246362716	95505	246917174	84032	247411361	79954	247911157	78775	248455905	80496	249128095	84706	249692836	80113	250395752	63483	250846616	94938	251366741	61101	251918460	92620	252455239	67054	252973800	116300	253592186	90551	254076562	75227	254756250	113593	255354905	111562	256032771	68274	256491848	62191	257017950	78186	
41190	65969	715811	75721	1431527	87016	1989583	77566	2631113	64143	3316692	68165	3984241	87301	4577575	70948	5067664	82727	5751050	71574	6352979	84379	6989049	73824	7726530	63827	8520099	63984	9009181	53070	9516895	58250	10148029	93038	11061512	50049	11567851	54187	12298797	73396	12927288	54424	13411460	55851	13811444	54591	14512067	72085	15000086	75243	15681338	78219	16227941	59020	16821302	59602	17621515	67327	18408047	71635	19039746	57359	19589824	81059	20126201	73485	20834722	61546	21438828	55758	22029305	48458	22773041	81588	23377802	65942	24083758	70776	24758250	71831	25599399	62529	26213961	72117	26749104	61790	27319297	86885	27810761	60009	28216306	74026	29000799	58878	29724479	69532	30306987	74679	30843077	66616	31514351	56947	32075638	68899	32681220	62350	33167063	75363	33609258	73566	34346893	72910	34762401	67038	35292766	81752	36024431	73848	36463305	72064	37193316	61701	37872474	65901	38627650	60629	39378882	74132	39842464	61197	40297125	72695	41060095	74481	41766267	69296	42395264	50130	42920008	84863	43717293	72502	44395303	70705	44894534	58331	45476660	73818	46154880	63584	46796449	63367	47463089	77866	48205051	71478	48669130	68943	49216755	29477	49834677	68523	50625206	60342	51362390	61442	51921455	80818	52564443	75952	53197681	43068	53716091	62610	54447307	76023	55021584	72238	55655544	74812	56197593	60278	56894563	72479	57591893	54597	58143731	73486	58801443	67105	59336690	66430	59856659	79694	60469726	60610	61189092	43796	61966726	66024	62628376	53031	63212415	72951	63910898	80199	64597369	61495	65249469	74572	65923534	82465	66707181	64085	67328951	67545	67854396	54761	68280817	50323	68687518	55117	69158606	89766	69870551	68755	70379224	83998	71087791	67011	71852089	72072	72460707	75950	73114757	56295	73678232	80608	74293098	70790	74849748	81088	75524460	66890	76092838	59467	76806807	52493	77702952	44944	78262000	65548	79013334	60267	79703213	70015	80475432	69716	81132570	63286	81831055	73962	82686090	77313	83295109	104021	83993216	76001	84471459	83089	85105747	95488	85880120	85046	86582725	78014	87261202	68609	87912469	62363	88385992	59400	89024569	51116	89688828	60125	90502132	56959	90926406	50840	91563589	60649	92018820	80842	92689388	61849	93309343	68605	94017100	57223	94558230	58532	95045732	73491	95536171	70510	96207886	88900	97042369	64990	97721730	68775	98262049	39915	98844319	71709	99623565	60379	100199641	54873	100708267	46906	101516452	88325	102021511	71599	102733331	55659	103484121	60511	104038630	72140	104723763	49220	105392798	83204	106191382	49035	106914946	84215	107803046	83412	108452506	71045	109138826	82579	109744614	89548	110502266	41140	110967127	30924	111549003	72571	112278776	65120	112938679	51412	113439025	61722	114067160	72185	114661259	69857	115283200	64711	115962926	90505	116664851	100682	117247473	62292	117991018	58890	118642142	56254	119121827	46741	119720491	76180	120368364	87347	121044701	82326	121439884	68055	121978584	81226	122443319	84062	123106912	73963	123750423	61092	124245253	67310	124848659	60340	125474459	66015	126069238	48591	126730083	71588	127285002	70910	127938462	48772	128617145	45757	129323291	72662	129971939	78349	130693776	66280	131390759	61210	132084560	48065	132774973	63870	133192602	57417	133839364	70479	134361054	65862	134884847	61815	135432687	63571	136216124	92055	136833428	65034	137291710	46715	138069927	62202	138875430	51499	139534414	50879	140339397	80287	141135566	88981	141828924	71066	142597670	66002	143370833	58400	143882269	70181	144650401	47929	145386044	75068	145965098	67805	146405789	61102	147080390	50495	147673582	68196	148068654	67317	148714222	71443	149262448	74077	149799145	67402	150468654	53235	151137468	64161	151672955	47724	152346227	42563	153076045	72403	153845864	51339	154303006	54777	154873049	46962	155383043	69591	156103994	57083	156602711	65728	157620703	62452	158200066	64603	158850315	57165	159462063	66624	160022164	54706	160755314	77878	161372919	70074	162030476	76405	162687284	85772	163378018	84210	164067945	56139	164831592	82032	165372049	92240	165955482	64451	166927033	80454	167491041	59380	168102526	58782	168889476	55952	169604279	81242	170222496	64351	170946306	72818	171565853	52733	172297534	55605	172911401	78930	173569207	75757	174255669	84295	174912112	72576	175350598	72661	176004094	77416	176579792	65235	177252851	82888	178011286	73157	178861550	58042	179739139	51894	180210084	79992	180874874	68656	181538488	61339	182193403	61905	182745455	76605	183310851	74203	183985089	73040	184746726	60600	185183032	61825	185684802	78068	186235749	51269	186817865	86129	187508677	58485	188301905	70165	188907738	40180	189347034	62510	189948645	62257	190632761	83056	191093969	71313	191434845	57238	191965462	78458	192560446	61169	193177212	67126	193851414	81016	194504208	71582	195034106	60435	195714213	51221	196271299	93934	197130379	57176	197676593	71070	198089423	68465	198969637	62641	199917468	83625	200569806	65646	201321864	71716	201981497	102664	202630823	74154	203258039	55738	203960770	75456	204593545	74638	205282027	60849	205906581	46357	206432027	90097	207251918	74516	207794070	50138	208403606	51779	209116296	43591	209771229	75168	210136957	65098	210848537	81855	211516097	70274	212127077	68936	212892768	78677	213489741	73695	214230055	69937	214682858	59486	215286561	63093	215991913	67030	216589279	71672	217260116	63535	217847017	59482	218522624	74793	219114720	72133	219614376	79427	220366478	72689	220862447	64229	221505689	43855	221959920	53401	222488696	86582	223231967	70636	223839969	66535	224349055	84344	224999012	56216	225483456	68510	226244691	76867	227001216	61082	227832624	85769	228576136	59425	229211765	62912	229849242	74081	230552222	50594	231032846	61669	231541069	61833	232206669	55440	232683339	76102	233173642	80601	233882359	49398	234526064	30742	235148722	49499	235765167	64721	236426916	55788	237084124	72163	237681927	73892	238409200	87240	239164819	59544	239884914	64851	240518354	51725	241209059	72282	241783452	76593	242569371	77266	243269833	74726	244086592	60588	244738594	81305	245245903	86351	245812863	40927	246342180	80036	247022154	65206	247560659	71224	248260238	69977	248960104	76736	249734336	67365	250433339	54719	250910865	40385	251675027	54871	252244972	65768	252892781	57305	253453921	55698	253734529	63308	254259486	74959	254962388	52240	255652639	72145	256357658	73281	256943303	60222	
376381	96639	1170918	73329	2102864	84698	2868161	58523	3879167	81301	4597516	76107	5324936	89745	6306361	67876	7122499	79040	7814719	86931	8647713	80058	9542318	104681	10394081	114005	11375535	114442	12271998	88469	13097276	83248	13991001	92405	14767964	52195	15524279	91861	16467879	80595	17061231	107812	17807708	50620	18415244	71415	19354807	101175	20224950	78671	21160725	118342	22162800	92864	23029864	99954	23914141	42209	24601863	81033	25373009	90357	26089643	92317	26777355	109819	27890426	95675	28825016	88568	29287425	54460	30092886	118189	31220434	82159	31800505	92284	32701131	76550	33306140	125483	34104141	107937	34927323	80659	35945728	61593	36592590	90572	37183956	101394	38193402	66411	38869561	111323	39435972	123002	40137707	114736	40351874	83040	41218281	77298	41879364	76656	42761562	88589	43948881	85302	44304152	87685	45289235	105547	46037778	69095	46901436	77000	47690146	89739	48511738	93783	49394255	71334	50194210	82796	50743981	73867	51502397	62429	52123069	78896	52917532	81937	53733344	62354	54428452	103545	55341516	111332	55808517	84265	56476962	67279	57075704	63266	57939824	119060	58675470	65140	59422089	74829	60058248	104784	60756660	110671	61444425	77377	62328510	77249	62928533	71369	63609156	80834	64395311	90531	65348164	71004	66132018	89437	67179545	102850	67949686	72463	68827188	111920	69486904	98874	70433004	74137	71279935	122604	72108233	77503	73230489	71163	73932572	78442	74861320	90323	75787600	74788	76508022	99244	77222506	97803	78017742	75910	78919580	89256	79623763	84691	80322415	102788	81050080	68732	82048802	94735	83179423	76445	84118919	76567	84614807	99904	85555396	53838	86412256	43163	87369398	100812	88125412	86830	88728854	81690	89531804	84133	90493841	103382	91158181	124871	91767718	90112	92743616	112510	93828895	70755	94623929	62849	95638915	99484	96334918	80037	97140513	80420	97774654	81491	98760947	87176	99380167	102365	100265995	101937	101155648	68568	101914850	65010	102667667	83746	103420522	70262	104282186	89838	105406186	84899	106289532	72796	107195891	101738	107926801	93176	108649287	94805	109351845	126776	110523262	88724	111192382	85787	112102849	82317	113014522	80649	114082492	89504	114891001	103618	115618101	110330	116461845	105373	117084869	90085	117755332	57231	118322711	98593	118923174	108409	119793173	80412	120651832	75300	121482115	127660	122374182	113170	123368646	85710	124153456	72656	125059930	93211	125914986	73175	126513468	100328	127339176	61565	128113539	87950	129065433	87855	129720178	65588	130708466	81187	131841849	124651	133063459	100598	133881875	99556	134513917	81365	135424922	97182	136347018	84800	137145216	83791	137752690	62996	138395921	88814	139319338	95200	140012276	104907	140862301	123365	141573432	116960	142689439	92217	143497137	69595	144460809	66872	145316431	116266	146169054	121953	147248658	85410	147801556	72554	148447563	111336	149286450	87749	149853806	85372	150619810	102759	151445836	75681	152355549	73552	153095086	91138	153657126	95487	154523432	76283	155244677	94845	156006980	74374	156616903	98664	157398615	85985	158229751	82072	158904151	94773	159575021	118023	160581292	75837	161188182	101557	161825278	91933	162476740	68208	163170003	104851	163547254	78412	164320288	69577	164880877	91291	165679958	85529	166471666	91825	167529788	88988	168133764	75093	168917998	104807	169725644	103377	170492483	89466	171390564	85296	172240701	81268	173053182	57524	174080580	92795	175058641	105789	176116667	76369	177031875	75215	177773972	109822	178682502	101206	179416463	96874	180087383	57089	180844531	92473	181517396	100127	182308791	84427	182787575	83419	183405733	91169	184295357	88056	185110325	81008	185962708	44667	186655520	134721	187570246	89374	188537558	100942	189347663	112831	190016294	90769	190517344	48806	191226782	88726	191856016	87953	192745734	92187	193555309	75760	194370416	76158	195285598	75195	195970554	84843	196747308	97623	197744801	102562	198563107	61134	199199798	98345	199929775	64952	200640108	89722	201414317	51302	202133851	93614	202724947	54936	203332401	103474	204182927	63711	204914632	108143	205925828	101525	206795386	90232	207771340	90303	208573397	56287	209402242	101029	210123599	102601	210864078	76042	211497350	88373	212190599	76529	212878267	83330	213690192	80475	214600689	87804	215474326	100189	216281514	73034	216983929	92053	217874402	101687	218919141	83119	219703515	92458	220542897	111535	221427106	93113	222031370	101241	223233383	82916	223966173	54758	224871315	95575	225699650	117909	226585540	80034	227566788	85152	228447369	68182	229271903	102265	229930784	88345	230697750	79835	231587864	115242	232785202	107708	233774389	88621	234822009	101443	235689494	89449	236707823	90026	237504496	92768	238242688	66945	238922198	89847	239815979	99692	240385875	99099	241333610	74148	242281574	89102	243561249	89607	244312620	114783	244827769	84535	245938937	83982	246578880	95328	247142488	111834	247838906	115812	248537019	96412	249474259	97076	250253251	86049	250736304	77972	251662416	98755	252501042	113431	253320513	76456	254004725	88234	255031830	99325	255629110	67329	256390576	65712	257038648	83433	
394959	79747	1299209	87035	1913208	63457	2597460	66143	3143687	86127	3998015	48099	4791077	71905	5582086	72876	6042692	54854	6770516	50610	7519537	76516	8236010	60206	8779409	59284	9364654	97411	10081676	46644	10505467	64478	11108722	90901	11837183	90895	12660515	71842	13202739	83410	13647165	69597	14224819	55700	14969303	61858	15592493	83380	16333268	36666	16916183	49763	17448072	74361	18137386	69572	18541727	72717	19229313	84737	19792296	64514	20547294	65747	20935220	78293	21479626	57690	21935799	66492	22555499	65989	23203388	29613	23792724	53756	24363412	80301	25104195	76804	25861775	74499	26538778	69773	27151273	69349	27989436	74365	28612807	64713	29394796	75299	30122362	52334	30719408	80530	31497442	78712	31919269	51454	32521478	68148	33273076	80671	33933915	56282	34585874	94413	35249013	79267	35720641	64178	36352241	68089	36796630	82793	37439478	61905	38205632	67783	38654425	65073	39243690	79431	39952228	70928	40479222	54047	41081216	86338	41544079	50578	42343882	76618	42966844	57876	43610121	81388	44169613	79594	44842082	45281	45337441	36342	45911808	66980	46595368	85622	47366326	70980	47888531	61500	48465287	61179	48898517	75185	49300391	68353	50093224	75603	50634690	54462	51178462	79440	51893091	70690	52568813	46907	53066486	80040	53633443	93435	54321826	82002	54783827	65080	55355347	68157	55992392	58715	56501456	58637	57078733	68018	57545055	57098	58220066	75250	58743535	64779	59294479	75888	59890456	73482	60533988	88165	61447363	65071	61992542	68389	62539113	55292	63203870	36456	63849531	64128	64730920	65079	65393891	69436	66127116	71445	66948779	58378	67590997	100710	68232553	71075	68693582	64329	69259610	47828	69910856	49047	70539064	86169	71077560	59061	71641870	56418	72234504	71759	73011020	80832	73782266	42092	74563994	61571	75256137	65787	75856814	83294	76757835	68470	77474405	56666	77849879	79454	78672890	51651	79222618	59192	79908141	58369	80545062	61411	81292084	86638	82011147	57775	82546494	86436	83188018	89117	83973109	77529	84564771	70853	85353222	54235	85831961	48416	86432830	50701	87096327	71892	87592509	47461	88098554	79424	88853311	75117	89451558	65338	90189725	65373	90787679	55608	91429751	87918	92055220	56653	92776871	47500	93420953	63463	94039331	67734	94882120	38852	95512850	57712	96306181	50548	96990875	73710	97589383	71060	98198145	60714	98872321	78148	99487399	59726	100200716	47387	100847516	47048	101657457	61874	102305214	61789	102880121	63115	103436099	77558	104141170	53780	104948404	73609	105663292	63895	106303100	62929	106886134	73064	107554410	67752	108032318	63178	108690590	70120	109476146	52077	110180816	71373	110888476	45534	111330734	63155	111782403	67249	112428953	73765	112945225	52142	113549888	90399	114320703	83035	115040812	51872	115569131	63690	116329141	97430	116985277	45383	117878161	77183	118417190	66651	119142201	48221	119776878	82721	120490487	75475	121179659	53830	121892837	67190	122642506	63320	123271927	75920	123909246	70636	124543609	83289	125260360	58679	125842313	50279	126573236	57528	127160372	84775	127679303	65874	128085476	78589	128963076	101152	129629527	88864	130284231	55896	130921919	79297	131651357	60072	132166718	74940	132626964	44688	133186599	47762	133770629	74808	134264266	69883	134899382	63647	135576474	66969	136042813	75461	136698191	61327	137267027	71398	138084871	84140	138769707	57502	139252505	71419	139824299	61900	140477423	78026	141021348	83282	141766663	45591	142250877	55477	142771924	72429	143406660	66741	144106318	77600	144617357	46726	145156046	65582	145738178	103325	146423171	58860	147148569	83831	147884658	97412	148460883	81129	149139284	76821	149714094	70469	150345288	31228	150885770	61050	151408635	75666	152162284	60996	152703720	89176	153348303	70610	154120072	78605	154560915	50944	155264165	53671	155878250	56731	156408654	81813	157096585	63199	157690646	82372	158375232	70610	158881898	85828	159512645	62889	159996666	80627	160507162	72912	161315787	61511	161919499	67852	162432566	86512	163168787	76761	163833197	61522	164504594	55282	165144712	69650	165639151	75046	166260954	81587	166786354	65900	167377601	78378	167981781	62832	168702771	71164	169493985	62631	170047617	76159	170843701	61894	171304810	44375	171674791	63787	172335417	48780	172763920	61332	173431728	55215	174171267	64060	174829673	85786	175356341	74699	176141183	73460	176896450	63673	177577386	52080	178033880	100834	178819160	55829	179334702	69184	179822664	73307	180213490	97995	180946222	65607	181536154	56419	182036079	81990	182844902	54189	183433010	42095	183850677	97220	184395546	84490	185190911	71421	185779467	70930	186489474	96416	187109902	59147	187682963	91839	188329867	51008	189043410	67032	189778063	59490	190575341	70910	191213963	82815	191685857	73977	192333536	61975	192960441	63427	193676591	101754	194340821	67172	194791962	74458	195425600	65521	196131266	68619	196631618	78022	197293311	79299	197833464	60025	198460095	59637	198999220	81513	199672079	53002	200111421	64232	200587425	74210	201288906	64791	201696768	79567	202352238	49180	203010538	45208	203568703	82466	204137979	57231	204817734	73046	205526851	62007	206143622	51084	206724300	48979	207181303	47336	207759873	57082	208426660	69445	209224390	55491	210016822	62771	210640107	86986	211389382	75984	212126892	70277	212876972	46395	213505233	80921	214225405	70431	214976710	51348	215584371	83948	216430605	67765	217031368	34561	217701524	72338	218196374	72315	218853457	67716	219613322	50539	220260103	57322	220826336	82033	221389273	64901	222080467	64765	222719554	58707	223479758	50909	224088528	66206	224864942	75980	225650285	74048	226173341	84892	226766700	101441	227405176	91900	228235246	76274	228775229	69927	229383241	40816	230011466	82940	230596801	55151	231070572	70863	231656845	74908	232230546	69609	232690845	56428	233302853	58057	234080339	57490	234727165	62872	235227150	78843	235769649	58658	236562230	66139	237253453	66414	237900253	49077	238623433	89114	239347363	90257	239999145	54347	240583414	46694	241072299	67551	241650474	78991	242404364	57542	243080714	64961	243728929	61976	244348614	54247	245152070	72649	245736424	67043	246356403	61263	246868957	82017	247577152	54676	248332971	65302	248850384	53371	249377774	58723	250049865	73481	250777453	64442	251357598	68217	252001906	90170	252735214	82223	253177462	53232	253612818	35264	254221939	61627	254853021	71580	255387195	46168	255953627	39435	256636369	71991	
10817	122082	375293	162746	723519	171308	1120679	98808	1437447	173718	1824179	127994	2189366	146196	2502181	110108	2893968	119792	3269921	155578	3699271	99121	4069416	116127	4414948	109233	4793892	120817	5207031	134903	5510597	143722	5897665	69401	6267710	164539	6706379	202110	7089084	85157	7399132	79114	7686310	181758	8129362	88157	8481654	203967	8862618	166148	9268182	95671	9635448	155739	10068902	150945	10364468	103748	10699645	102709	11082827	112080	11455317	138805	11864008	115469	12290837	134857	12695787	112211	13095381	104874	13429644	58018	13740843	138674	14119929	113229	14416136	137944	14799934	124606	15202345	90232	15520779	116435	15742725	169702	16233771	141178	16699373	121606	17011641	135925	17418337	100886	17767141	60617	18054523	161634	18484265	130310	18817083	137673	19184752	150338	19614918	163666	19934378	188065	20361594	100834	20701315	124688	21122596	103126	21588449	96923	21898116	69946	22223102	133397	22608081	155095	23021101	165334	23423488	142880	23763483	140277	24202553	155097	24514983	91370	24836731	115310	25178020	163603	25599760	130303	25987883	128565	26321922	154579	26734210	96994	27077901	91073	27383750	140039	27801790	153149	28258561	128384	28573697	130934	28897241	185952	29274493	147156	29618908	130254	30033216	111636	30350953	129582	30774769	161518	31240232	156821	31667470	130918	32127176	148787	32448609	107401	32801301	165374	33154491	103958	33559784	133707	34000108	129572	34352506	114051	34725738	78782	35108050	156258	35566040	192085	36058087	128691	36534967	107141	36946639	120647	37363207	116736	37764530	131579	38168524	140606	38634491	117086	39023503	130525	39402017	133050	39757895	135484	40161594	86513	40528695	120921	40929590	123147	41341529	121870	41754566	115898	42159636	110518	42499372	100415	42877333	112224	43329484	89929	43709864	202486	44197087	130567	44594183	135909	45016112	126360	45456324	121142	45745535	149234	46166989	135226	46526261	125220	46917151	163501	47406319	117886	47766924	108644	48189462	118621	48542108	101668	48908153	99940	49312306	99444	49675724	127379	50073317	118262	50497315	178929	50809693	134894	51237777	69683	51607901	134161	51954408	115192	52288007	89263	52655776	99198	52965266	208823	53396751	109165	53734236	105180	54065662	150115	54496731	109686	54912571	166301	55346769	127536	55719600	118677	56054267	147114	56446211	77068	56779883	97138	57141817	112104	57494712	119911	57831053	108966	58119430	134725	58455258	184842	58923346	113882	59264686	93187	59516556	147387	59887798	119324	60221445	122404	60661904	155262	61076523	125682	61516961	152369	62001646	132231	62492612	139040	62951960	88964	63318869	132386	63701259	157848	64124086	137853	64467111	167973	64889341	126752	65255437	148370	65680306	92385	65983925	156082	66403775	77906	66764123	131160	67150905	141219	67551367	127611	67848395	128437	68292017	138441	68692201	165518	69117774	145048	69561397	116441	69986207	113082	70323531	96310	70646717	110987	71012113	115698	71435558	137154	71861423	186732	72310867	134969	72708467	177536	73139245	149899	73537047	110187	73862282	122088	74222458	91885	74586937	122325	74945046	117366	75324619	171382	75568127	141408	75938477	150104	76310870	133546	76666980	99951	76935194	136505	77279470	87247	77602373	152752	77950939	102987	78287539	108909	78650803	131611	79008739	164771	79496855	168481	79979690	93895	80360456	132352	80730851	178539	81135564	134936	81518652	116719	81804231	128063	82147661	150808	82480841	114799	82777647	137735	83139203	136169	83523057	148831	83885534	144042	84381488	179768	84911547	114902	85260998	142506	85641940	139693	86036786	156132	86542139	139605	86929438	142538	87341649	163130	87696219	129573	88158431	105743	88558381	159363	89002401	118188	89421148	146821	89783769	160793	90111685	163254	90537041	129375	90897637	156563	91378329	128927	91727659	161672	92164345	167718	92577506	115042	93054591	107967	93371896	141373	93731128	124340	94080266	147730	94397911	132659	94788331	155247	95231430	122949	95602652	110163	95982773	93632	96326632	135567	96702942	142214	97203029	143295	97640063	140109	97954727	115956	98277917	109234	98641875	118916	99024227	121441	99359034	122374	99689386	122547	100021667	101946	100435412	125171	100776370	118588	101184912	146467	101582757	94300	101832370	141981	102293746	146910	102692775	81580	102965442	116010	103345040	115680	103767523	180855	104271215	139849	104687054	135508	105107637	135381	105551630	134932	105937526	171515	106264719	132536	106678471	116751	106937922	135038	107344648	157820	107745608	131225	108091308	125985	108450757	158284	108840446	162684	109238587	175123	109623562	89099	109972435	143943	110310037	155957	110701817	99378	111027615	114517	111390454	120211	111778834	99108	112174635	147364	112568658	157103	112942815	150368	113293762	121706	113659238	72629	113930645	71467	114215126	131969	114577514	183127	115012424	165935	115444343	149196	115881317	109362	116279896	131758	116674548	153098	117096765	117379	117511944	149904	117995335	119728	118346393	142916	118698090	92773	119062895	106105	119466857	98121	119756852	164482	120094229	100906	120408778	155751	120737473	103849	121091095	126376	121518876	127049	121897383	103997	122240716	72660	122574759	161517	122992418	175083	123432194	163135	123828713	115903	124133602	96593	124444200	141310	124826297	93107	125185524	128261	125599764	138315	125944428	128004	126354474	97784	126717456	117521	127005047	154665	127499668	153480	127923056	151411	128230208	135040	128601829	127807	128897921	187157	129326848	170689	129727204	113553	130138825	123127	130496620	134342	130870910	114496	131250559	127288	131637270	125894	131999093	144371	132305194	157833	132699886	117200	133034221	148191	133405766	138534	133728103	104348	133993441	100667	134412620	151794	134797735	137723	135125139	101581	135523230	130171	135918195	141160	136269657	139619	136682506	147035	137167137	106151	137526811	130628	137892678	102972	138297501	141542	138746166	144346	139059620	95495	139402559	148182	139820803	78050	140157891	109191	140482474	146327	140843454	118529	141253816	165209	141662913	140229	142062580	129227	142458617	127077	142816884	109452	143177914	97758	143438167	123005	143832965	179766	144279047	151406	144713732	134308	145072723	144333	145439735	133772	145827285	120834	146250464	110799	146605279	130081	146911525	152002	147364196	68301	147630546	140882	148070986	116268	148431254	116463	148813217	140188	149280110	132031	149625405	130380	149991253	78096	150260039	112879	150586941	109066	151004567	133312	151404353	188762	151836859	129913	152215347	141576	152520037	99691	152809629	79463	153177575	123253	153595754	116577	153855123	115897	154194826	172812	154593029	104369	154936488	112536	155289316	139237	155612376	166462	156055528	174935	156522533	131002	156923966	124293	157309894	140385	157723990	130229	158147480	132666	158557365	99021	158918572	134430	159235030	88625	159513063	150518	159853546	135276	160229211	114679	160605129	102883	161034451	141200	161464920	126360	161819279	102331	162206239	126551	162650814	99094	162917225	94333	163286502	129503	163669644	113684	163941129	122986	164390144	114734	164772426	97660	165130193	156380	165494731	106233	165834627	138387	166260563	172221	166760677	126276	167113228	163305	167538704	107583	167905637	139812	168273585	144382	168719490	97905	169103752	110077	169522820	67797	169765238	146097	170190082	118153	170559191	115245	170883865	126902	171253379	169930	171605260	130120	171956085	131651	172309585	153554	172600587	161830	172966052	139515	173334988	127218	173723415	126533	174104087	129537	174363219	66566	174687353	153997	175052391	112468	175469887	78593	175872370	136623	176277106	114774	176636683	69923	176997710	128297	177366078	120163	177769581	127823	178065928	116846	178499239	123828	178849619	132792	179225701	104651	179561547	116035	179875421	136119	180254803	166142	180693425	158279	181107810	129836	181475605	163070	181936031	121460	182340216	113003	182705607	100734	183058179	105912	183405285	150613	183775868	173380	184222014	133172	184571021	112741	184885684	158003	185336149	112827	185760937	80527	186111526	154457	186501823	123364	186858140	152221	187307990	55200	187676848	171442	188134636	131363	188514919	178058	188867346	205901	189404917	194351	189768564	155590	190209679	129368	190608291	128453	191005441	84426	191342609	152828	191786786	166928	192183459	113114	192507667	167657	192912643	89757	193258680	116178	193695335	114815	194037897	139205	194414728	126646	194789054	95605	195206462	156225	195681799	155321	196033980	166291	196467010	173473	196935339	107616	197267981	97182	197671695	145149	198069301	146319	198436749	78634	198790166	69691	199060923	68205	199396177	112849	199633438	139333	200018973	94262	200394663	114885	200773452	139045	201179370	148635	201578804	152541	201888424	86115	202298282	168482	202760815	106760	203165930	120871	203523852	132996	203961816	123544	204384470	171841	204873762	138109	205206844	138618	205580950	98635	205945757	130966	206289082	121131	206649003	126337	207005059	106369	207401248	108167	207793531	159092	208078427	96532	208464570	144269	208878342	142665	209229878	157344	209487588	139399	209972738	116520	210423122	124569	210863416	119297	211233227	92771	211542026	108491	211897066	133582	212285067	121185	212628498	171121	213051882	170332	213451700	123806	213780375	108670	214100206	119360	214539936	94227	214922042	125052	215281439	127474	215631727	77128	215910309	116770	216192988	153044	216635729	84172	216963736	129676	217326680	114615	217690507	149484	218025268	117103	218433327	118190	218790238	105915	219254900	122639	219555988	80347	219837947	108942	220155093	141814	220541250	89491	220906384	138801	221314524	137488	221675541	145507	222051399	124344	222353221	114416	222674550	166927	223126069	127199	223577267	149926	223968350	140128	224341256	109738	224651789	133012	225058515	60215	225344398	131213	225728656	123940	226092824	129871	226461761	99153	226860719	125052	227229818	112164	227717687	123483	228039412	117829	228391050	107336	228750993	147519	229127463	140769	229549443	158359	229942588	133978	230425633	139513	230748213	116026	231179395	125865	231515418	160373	231977977	127508	232428188	145267	232772102	95221	233133983	174485	233540354	58057	233914263	126415	234280017	137319	234657208	93930	234992028	141502	235326323	87113	235663838	121844	236069160	169447	236446665	154095	236960270	144485	237373488	99496	237725584	152258	238188026	131114	238568158	114925	239017476	134908	239398809	161140	239770127	89439	240102120	126157	240397015	159515	240769148	140736	241173696	154821	241602904	162970	242085574	151397	242419138	160376	242822214	157548	243155975	138604	243489141	125805	243860757	110681	244180806	104388	244568039	155765	244934860	97149	245288004	126504	245600307	103521	245938921	73847	246192283	80682	246561545	130883	246900244	150908	247243627	134182	247516992	110908	247882864	123670	248235857	116200	248632591	156156	249089490	125890	249472309	143097	249835333	95108	250106475	122306	250402002	137218	250757538	122201	251126017	86841	251554487	130157	251946746	99858	252278074	113361	252684476	163610	253015870	134500	253429633	165362	253793405	152128	254222882	135010	254556816	160961	255003854	100588	255371606	117055	255793073	132145	256140625	149559	256564184	116095	256897905	87860	
138125	57189	632477	97251	1083511	95883	1574903	77418	1927990	95604	2366726	122356	2839660	100820	3214885	96154	3775337	46443	4216667	84881	4596965	68682	5035148	113564	5399150	73727	5765628	74074	6108435	75040	6409361	64182	6856643	96501	7257311	81494	7680147	99329	8070465	66048	8468731	77197	8879161	85132	9397645	59069	9765179	54603	10208984	85290	10660133	65755	11140127	108023	11564443	57147	11920254	73276	12297119	81242	12734085	96349	13094097	95629	13598515	70528	13908028	80667	14315574	99874	14686118	78662	15153278	76594	15515053	101026	15834343	124962	16157389	90484	16510928	86970	16986166	86414	17330760	104076	17786105	82193	18126353	84657	18572220	91694	18961468	89049	19431460	111980	19859595	96075	20245825	66075	20680392	118441	21067005	61421	21516594	98506	21971692	109694	22462499	88300	22885969	87578	23278076	122977	23763925	93224	24148038	78572	24556000	122173	24866402	99582	25380705	43036	25747234	90305	26225864	92007	26699200	59305	27074481	100485	27525075	99645	28124058	95318	28521326	85691	28942310	70151	29446731	80697	29810348	123020	30337372	92506	30799376	59645	31147445	63615	31569507	95195	31896603	82315	32346597	72772	32808266	102120	33362521	64814	33892317	84711	34312491	79869	34771196	91748	35151890	46812	35563681	62712	35959979	76659	36350078	90682	36742458	73881	37237323	58511	37524331	106205	37878662	63320	38220810	96454	38705339	82057	39172732	67135	39524414	106954	39982376	81319	40347124	94734	40703177	81597	41071815	71940	41474611	64805	41912354	61109	42255123	89953	42599710	45180	42899168	89064	43322127	113890	43787910	75515	44188819	103632	44605188	85669	45045138	93435	45379727	98432	45797408	108395	46264237	74329	46671543	113151	47089091	87967	47491364	88425	47877983	75138	48265413	62849	48636139	100444	49123362	97281	49524717	40219	49937841	95442	50352329	99645	50751334	78877	51145491	55731	51642398	71148	52087968	58513	52335412	86814	52734069	105403	53129354	93075	53514188	94831	53990669	88409	54372449	90424	54838930	83137	55330567	98161	55813256	94150	56231271	56746	56564124	99805	56760184	64182	57268183	118744	57711529	58634	58102559	76331	58456751	56031	58886982	89091	59268092	85220	59776827	108992	60214214	113750	60664215	64355	61178595	79450	61528306	61573	62028075	69910	62487744	67816	62778090	89078	63129181	69547	63565065	113178	63952624	67737	64379576	71239	64796897	99407	65349897	91089	65766659	83219	66238147	48611	66619634	98545	67105361	81387	67515692	103283	67877353	86117	68262604	75515	68703626	74863	69028774	79972	69450204	75678	69869899	64835	70277048	76043	70685498	71349	71134122	98754	71605747	67019	71975677	104085	72421644	72665	72715621	79335	73056795	71847	73509555	75728	73922461	74073	74250463	92988	74724949	58036	75108185	75868	75443786	56964	75901861	61765	76335857	49228	76727538	99306	77169883	63919	77590590	54075	77883475	66162	78271111	98592	78648883	59830	79019404	113190	79534263	108663	79997040	62022	80393760	68243	80846113	81455	81241380	104364	81636215	86015	82032785	54486	82444038	101729	82879757	101005	83346907	49216	83787891	89461	84249561	82607	84589442	69776	85036288	103729	85480118	82302	85799487	100379	86249403	80373	86647929	87307	87022349	106563	87420512	49030	87774832	72657	88159548	72540	88494063	82651	88908283	66156	89267314	93545	89768877	86946	90184998	87573	90605290	69320	90928900	81529	91396918	78390	91800946	87537	92147930	69544	92651277	117002	93101799	129531	93566456	102004	93913327	89994	94369667	90133	94765643	80791	95291355	75964	95653534	106855	96077251	131738	96506777	52861	96909125	90515	97402919	98143	97745955	32442	98226450	89728	98676535	70589	99069087	87673	99437365	89828	99864410	85475	100303788	55278	100737810	80860	101200344	85698	101621070	84261	101976928	104142	102501200	79058	102891370	89523	103382802	81821	103814771	84687	104202221	78162	104753730	92734	105203387	86615	105706350	67310	106137412	68784	106552869	90638	107051092	110902	107526035	75320	107897047	83112	108428099	113138	108809909	88498	109225916	86761	109636172	102486	110074330	99505	110560931	87009	111004251	95579	111508638	83294	111947128	123782	112357252	89066	112727925	102664	113217249	95815	113618872	116047	113984886	108251	114499745	115454	114939517	118512	115374939	82355	115824922	82192	116268126	106172	116866093	77636	117232229	100280	117779215	93834	118103495	72047	118481535	74294	118936512	77185	119362388	74520	119744389	84772	120139167	61235	120515118	86623	121008304	60353	121427837	98372	121874951	65817	122224913	77392	122694231	87802	122953977	82672	123450565	79193	123968690	101364	124255141	67174	124626518	74581	125107222	87977	125542572	68841	125871634	103460	126457229	82785	126851202	62212	127183526	109932	127516422	107082	127856126	102740	128180708	46792	128475433	59709	128797081	54832	129134051	71654	129570123	100078	130066676	75374	130456146	74516	130838932	71746	131241733	85075	131723791	76033	132152596	104744	132666615	68535	132993058	100835	133442075	101916	133944396	53596	134355233	96444	134833508	74636	135133230	86642	135453609	114391	135859976	73714	136114780	87602	136527397	119293	136918117	78952	137190233	79695	137604128	98572	137969666	89670	138413410	109745	138951960	53924	139332762	98852	139817156	79089	140286813	122884	140776378	99276	141263520	71749	141765831	94291	142201918	79957	142617010	81360	143050286	66804	143403490	96730	143754384	67630	144148918	114688	144642244	107989	145091569	102004	145641146	86033	146157159	75034	146503050	91606	146873098	109507	147142270	97976	147635570	93054	148032736	88490	148412552	97131	148931540	85553	149363156	94152	149753425	48413	150113025	83599	150589456	76552	151063275	62747	151404344	103121	151748407	100075	152128990	88329	152577699	69415	152920942	60241	153278282	101374	153665655	79269	153987595	97011	154259741	63274	154647508	99941	155050713	105876	155482415	82323	155944012	122333	156475923	86702	156877672	49141	157330385	85830	157579558	75558	158127106	83297	158520010	65743	158952929	102740	159324368	79750	159829122	122566	160344079	81957	160792577	92108	161225576	101322	161675965	87267	162071373	75086	162461689	107741	162858581	73727	163302011	79059	163767577	76164	164228088	84497	164618915	103239	165181738	82429	165548765	72966	165957946	61591	166292790	84059	166715735	78524	167181333	77034	167578878	79571	167915289	95929	168254675	80017	168448459	99937	168963418	67920	169417804	122101	169876400	93015	170330214	87178	170707738	65564	171124564	72586	171507109	72811	172002485	109532	172253693	90667	172703783	93525	173155313	96301	173614461	82883	174102517	79459	174556135	82777	175004334	118858	175494618	80074	175976878	79228	176369385	35550	176715293	90335	177099574	87096	177566447	92298	177945798	62542	178337564	92311	178849596	82081	179326730	52455	179684777	82548	180135924	96603	180482199	78185	180868980	72203	181297945	85920	181697275	92725	182166491	87127	182638065	121623	183059372	58853	183393514	74790	183771153	88150	184042111	101235	184498194	89610	185064463	78469	185414161	86380	185895561	90626	186377113	64584	186650244	80314	187005275	47857	187435937	68360	187922400	93654	188358507	52965	188808328	94872	189167234	63418	189523904	85755	189988105	73595	190406666	65681	190704957	103812	191278128	96400	191676605	54103	192170719	61571	192596978	68114	193046170	87125	193554118	76854	193979145	66999	194439811	65272	194894431	87402	195291238	94940	195663787	81892	196074960	126102	196481233	109679	196943554	58760	197377280	62731	197842508	54710	198229530	97761	198679151	76576	199048201	99283	199485796	74531	199954840	92972	200389879	97829	200915350	106085	201322036	76254	201667626	63633	202142815	110212	202643511	119437	203123167	63141	203415029	52794	203896074	91294	204199845	67789	204698189	96996	205089693	83589	205498259	134994	205865157	110722	206359318	91399	206790471	83297	207245026	61890	207549177	98844	207882491	73551	208288838	84412	208708272	66818	209049733	102557	209468506	102248	209959555	106060	210373615	70838	210848463	93492	211249782	77458	211647467	78430	212056255	98231	212520516	98796	212989288	86937	213504484	71991	213877144	76914	214307790	81785	214722597	69272	215081860	113372	215496865	104874	215957883	75068	216338237	102036	216782147	86769	217182838	76923	217625633	81315	218029389	74145	218463097	86390	218927817	101734	219309031	102431	219860031	94867	220181050	75018	220557085	59001	220924851	86881	221300096	100566	221669779	102714	222069760	104011	222534924	107050	222891243	71457	223400954	120600	223859718	54070	224313462	56766	224712507	71067	225173293	93610	225408595	81837	225857919	115812	226380117	70701	226839180	80815	227167282	87051	227543715	76787	227946028	84919	228528248	84372	228968922	98251	229476575	76315	229758809	101186	230160483	86400	230593086	57838	231000963	89933	231475829	89080	231970403	103709	232298727	83573	232709383	66309	233013625	82660	233411985	92019	233821169	108479	234163828	93037	234530168	53711	234936808	84558	235310564	111678	235751659	109561	236169889	91107	236503120	107954	237026437	96102	237451462	106710	237887508	79835	238338222	69576	238761148	91255	239236065	100225	239646180	65639	240049738	96608	240491902	92113	240984121	92210	241403162	99504	241813243	94700	242160886	97999	242658030	97275	243060127	83611	243539203	52368	243964528	95342	244483236	74588	244947814	77488	245286985	73893	245679675	94682	246028983	84178	246548037	79616	246986871	65605	247370732	88086	247727849	106492	248162968	110332	248653934	49064	249011272	112228	249338931	120045	249935951	106682	250420113	98883	250990058	90104	251268710	104007	251743919	86723	252145527	52513	252526334	86986	252991729	66921	253284083	68485	253519810	72281	254013808	96762	254409320	60284	254781156	66421	255199849	65064	255570134	69850	255949813	97520	256337599	117756	256760411	84398	
106709	47898	608904	60271	1038518	62657	1405549	78398	1912403	75937	2474688	66467	2930803	48424	3301437	64009	3819571	65503	4407484	77981	4906369	65575	5314774	81477	5810381	65733	6246762	73800	6841935	77819	7371384	68082	7826906	45707	8243490	47783	8851987	35052	9439830	59523	9883321	59202	10397282	61644	10942225	55037	11359389	72539	11820796	52851	12125761	65903	12461664	47599	13123678	44092	13682718	79375	14234608	56736	14706470	55281	15149326	54862	15558478	62486	16001965	71530	16340338	71817	16869639	47683	17307830	57044	17864183	41703	18185720	75019	18689635	65818	19251806	70135	19693728	59411	20285502	60144	20654091	63476	21034593	54136	21574982	81049	22104052	46993	22516325	64088	23063003	83521	23458755	56325	23982201	68633	24290157	78343	24784495	53062	25111543	59024	25690009	73937	26246013	83727	26706170	63025	27265508	39101	27597030	68459	28149324	41466	28582672	56319	29065273	64690	29618755	70632	30079773	40210	30575174	61588	31045794	66296	31569473	75073	31980490	55267	32403746	49741	32811518	68358	33227760	57218	33509412	60050	33907609	58239	34421114	60286	34926976	51244	35215576	60750	35667904	55930	36123900	61400	36582422	63106	37068858	62576	37622001	57006	38118139	62009	38531168	57115	38911413	69308	39443710	51940	39763536	48664	40207101	38905	40533151	67622	40817735	60919	41296939	56645	41728588	53319	42216679	65425	42721431	59739	43137254	69665	43768278	59197	44279289	61122	44798861	66986	45202119	65753	45811570	58535	46399091	58202	46830451	75101	47286571	51132	47613937	83002	48078802	61058	48535676	54743	49115089	54615	49416051	60856	49796892	58380	50208014	54312	50742440	72636	51221209	47043	51594762	56264	51970049	68234	52365456	79152	52897413	42492	53377038	86363	53950500	55366	54475846	66938	54922235	57120	55409634	55450	55857351	71869	56269516	59069	56603360	70634	57154949	55344	57498267	54026	57853559	51391	58063923	47598	58635546	46499	59055573	56638	59539147	74515	59962848	63139	60496924	53618	60839609	54993	61348556	55907	61819393	70374	62314970	70252	62862343	55833	63265028	70676	63790220	33328	64222158	26779	64541848	60983	64960610	45774	65491610	55145	66039862	75414	66449062	66946	67016341	64141	67501241	65829	68063883	53759	68409178	72247	68741200	69132	69238023	72355	69792029	41018	70301941	63967	70751165	67121	71061166	59779	71609916	60585	72166157	88569	72776355	47968	73158250	71844	73622993	74679	74074997	86208	74539184	74379	75038841	80667	75536065	59727	75803382	71420	76331737	46195	76787045	70129	77132190	51207	77724623	60108	78115874	68963	78635356	47287	79000596	53223	79421070	43620	79903186	58742	80197339	55741	80477560	64074	81042893	54966	81351660	69097	81684015	70892	82126541	37343	82551695	74682	83004276	76277	83533984	64095	84068360	67705	84477224	47249	84836395	89288	85326560	47092	85818231	43112	86248956	78853	86715273	83155	87203386	44212	87594929	59429	88111930	73728	88631389	43894	88994257	66291	89580011	69148	89965619	64366	90410674	57541	90920228	58923	91272076	44350	91783093	44145	92302149	62410	92727456	58299	93100688	52724	93579563	47912	94136305	49209	94531013	71993	94967573	56316	95342697	53553	95718606	53195	96148421	54028	96657902	50370	96996047	47194	97540779	47905	98006945	82208	98552509	60715	98973759	67470	99406785	43818	99912711	65561	100438711	61869	100901055	53586	101282941	101044	101694106	48200	102276488	68920	102836956	55450	103297845	70243	103614154	47174	104052087	68229	104546178	56697	104965178	41946	105419435	97870	105964133	74074	106395892	62474	106820477	69378	107229855	44194	107467499	52791	107985117	51357	108327526	67654	108852191	76158	109420806	63131	109866842	69985	110258018	56517	110741010	71394	111210244	70185	111761909	65190	112352446	75294	112876031	59386	113312200	54602	113749856	42175	114201301	75618	114657109	57631	115171206	57883	115535296	48772	115894146	51928	116308582	70961	116838602	72142	117187325	49070	117662632	89204	118249776	75432	118734763	54121	119126611	55136	119637730	71431	120163209	63525	120527269	44151	121037861	64834	121594611	57234	121857570	78416	122299504	50111	122728802	43613	123157744	55288	123575781	70244	124000597	72608	124405264	45418	124810017	54810	125220359	70998	125804304	82135	126430957	68541	126954503	72284	127520144	68505	128022672	56264	128406984	61039	128801466	49556	129263312	47716	129761221	65432	130246699	56113	130581093	52331	130956710	47053	131618566	39945	131986747	47518	132552430	45451	133023102	59846	133623736	59233	134029720	62556	134496485	54955	134922841	44246	135500552	59126	136021191	50273	136434557	61041	136937423	54950	137381903	54662	137759460	73341	138410445	77224	138850504	48589	139318760	50313	139670774	55678	140163294	54371	140707404	70356	141110947	68733	141550550	64479	141776713	42626	142266935	40555	142582142	48936	142956945	87794	143366864	47970	143787354	61093	144291216	81066	144823293	90675	145378771	47039	145877773	79763	146312247	51616	146680260	80755	147173699	57277	147657775	66908	148243132	29794	148642503	69251	149205885	55222	149670917	54491	150158065	79024	150755143	63130	151310935	43835	151676814	63093	152214622	57635	152716223	59053	153167109	72109	153442850	51410	153938292	56748	154411887	55402	154802171	41075	155238164	57525	155770664	68132	156168326	82620	156674486	67153	157074108	51202	157451965	63402	157950775	73235	158376254	57358	158773047	68453	159367256	61277	159936924	62973	160432010	48483	160819078	61748	161188407	55600	161550699	45127	162078915	52300	162493400	72876	162890101	49039	163346914	57576	163923567	65657	164453331	56105	164809357	40355	165175461	38682	165715530	54156	166082599	73652	166459701	52707	166919139	47169	167448461	66209	167924585	78442	168490435	54779	168873817	58636	169365803	58170	169730340	55392	170037038	58433	170544873	79521	170951903	46275	171437044	47857	171775310	57274	172076014	64572	172401019	72968	172818289	76349	173142604	58186	173681728	81618	174288650	53986	174865692	68692	175219633	60785	175705635	49273	176214540	55678	176679462	63807	177186159	70645	177847138	72332	178299795	67813	178941303	51420	179466156	53403	179990536	64370	180459533	55086	180940060	51288	181220186	53237	181752563	53436	182204335	68684	182687381	71598	183182238	60693	183575915	56700	184110234	53282	184583744	42979	185154948	61631	185570609	82389	186028772	70627	186506920	64818	187052337	39954	187429398	43242	187949582	56119	188364346	51909	188782910	68619	189279185	60380	189586617	65955	190090300	65700	190544723	65525	191073303	58455	191490505	54249	191928689	48512	192246444	56497	192694703	77202	193222878	64959	193706203	61589	194223158	50859	194688376	61278	195102970	71549	195648442	64781	196143462	47968	196522439	69411	196927977	42955	197214764	49282	197699946	71036	198332986	65666	198901808	45638	199415960	47499	199902768	38616	200334847	69341	200854973	55230	201220174	50987	201674340	75502	202172720	54892	202524913	39141	202895297	58351	203477784	80830	204144075	68166	204551581	61839	204988107	50499	205378256	54629	205880930	48958	206261788	32453	206750907	43477	207184532	65597	207611236	65870	208098139	71576	208553134	66558	208991122	72688	209488023	71463	210004829	52054	210474363	53241	210910626	65896	211376105	56494	211844709	54830	212310186	63416	212684007	57387	213290175	60330	213829278	46932	214290091	49981	214732844	69510	215232217	64538	215725561	75800	216121057	70011	216665098	52048	217238687	52649	217714125	68843	218301136	83652	218801264	62159	219195873	62352	219792651	60347	220183144	84975	220615166	46097	221153790	52625	221640576	82224	222265678	37786	222937698	69109	223342034	76126	223808994	48340	224304169	56438	224787058	58335	225229543	64897	225620882	70416	226134638	44595	226603536	63894	227099787	75917	227573233	71700	227986780	68496	228529021	60149	229144863	65392	229704647	43635	230013068	57602	230420839	53164	230826464	60851	231313737	77035	231830438	66030	232423571	57550	232886885	69284	233378402	61504	233840788	43768	234299949	64704	234782399	69593	235338936	41808	235726807	45423	236156414	52741	236777850	56748	237170700	42770	237571375	50480	238073013	63900	238537650	56687	238954727	68890	239424869	79812	240026600	58836	240549023	54711	241070147	66998	241559736	65684	241885936	37692	242260462	48342	242657810	44737	243230434	57706	243528743	59725	243936337	63955	244386253	42710	244944919	69695	245447880	88628	245962007	64876	246235317	77831	246675903	75863	247384103	72479	247954987	46822	248448242	55604	248842461	53328	249438836	47074	249951986	56125	250287241	31682	250783104	50881	251408777	58376	251916982	56269	252396472	64757	252795726	57127	253215306	81297	253818146	75775	254307409	57585	254742548	60957	255227620	67035	255669175	41714	256127779	53636	256533428	65050	256880511	64085	
369511	48805	896151	50670	1331302	56323	1978941	65553	2676407	66419	3432805	35557	4087567	44592	4620047	41370	5141998	47821	5847378	54330	6389703	41485	7063823	36265	7621835	31737	8179078	55129	8730674	56842	9173834	83621	9685083	56225	10328036	47392	10882875	63965	11351706	40648	11829228	61220	12454166	41638	12934030	57224	13663728	57434	14193632	61937	14665870	51159	15174842	50429	15654081	24465	16161711	42850	16591813	37558	17038024	38508	17604745	34697	18025005	35197	18538508	52583	19076680	68549	19552676	53027	20081535	65774	20700861	49446	21254021	60418	21825764	54555	22351709	64052	22901290	35808	23449004	53136	24040539	64309	24609749	36236	25178559	40666	25656117	49497	26285147	53131	26688984	48229	27223951	35759	27990602	64428	28539984	39111	29060297	38395	29653322	36235	30097067	36739	30744336	51125	31333704	51786	31926791	65503	32488721	43224	33120653	63845	33768401	59142	34416602	49605	34940972	44574	35403219	39063	36003518	35757	36572284	58096	37067507	42805	37527496	60187	37969436	56952	38628122	52913	39171260	61358	39892296	29001	40388997	45635	40848569	63511	41455644	69666	41970915	73227	42598326	31563	42958143	41161	43479828	41680	44146029	43369	44603487	44692	45149062	47954	45646361	42912	46216836	53897	46673397	52714	47073566	45325	47631556	47152	48315830	74742	48787054	45113	49191438	48011	49678536	52312	50197592	66321	50796783	47727	51422515	51915	51913359	55318	52497068	38703	53109255	50071	53741939	44292	54290155	40676	54839747	43934	55354617	60201	55792915	47502	56354196	56196	56910793	43029	57643513	56799	58222681	44932	58660142	58471	59061696	56078	59701903	55857	60194830	50630	60715055	41308	61303393	39270	61827434	44800	62262060	49813	62956268	53791	63086597	58650	63613273	51734	64223399	46100	64697167	53544	65025491	61629	65558157	70906	66115064	54204	66634848	59420	67145295	48571	67615698	46160	68175135	52963	68576595	50856	69157283	61917	69875795	63151	70483754	38834	71139565	48803	71727509	58216	72252938	58705	72911924	65094	73347170	43086	73922735	54720	74287726	39100	74710509	55435	75190946	62824	75828315	41606	76293511	53962	76855466	60506	77450782	60256	78030575	46068	78583568	36510	78922333	46795	79440082	36484	80055843	65691	80696878	58328	81131974	69678	81806825	52964	82387452	54343	83006302	44380	83619881	54870	84017585	40495	84652768	49366	85241574	64707	85901778	52885	86629236	42450	87026360	62423	87589123	61777	88160365	51407	88746770	65069	89357461	31753	89832866	59203	90383897	57335	91042542	55257	91538440	35456	92109202	64147	92824562	50924	93527253	22530	94058455	50326	94606825	49437	94978595	40100	95478828	58079	96010368	45461	96730565	55278	97170688	66909	97621629	52651	98255865	44341	98900489	54795	99438506	35465	99863185	39548	100611057	56578	101170887	48021	101603107	51201	101987250	69003	102654487	51029	103256126	66915	103864423	60275	104509830	46738	105050905	32319	105378436	53414	106084645	35677	106534241	40511	107188422	58410	107675840	43354	108089600	48922	108582917	40374	109174916	46952	109749277	50210	110423016	63490	110924975	58931	111561944	60791	112183685	49998	112708238	53503	113346703	51084	113931162	71182	114467684	67480	115075633	50667	115550035	60955	116119289	63329	116483068	30980	116986727	51141	117567202	33135	118047324	65793	118783857	44969	119129167	61114	119778362	52090	120310241	26970	120722542	56785	121172689	46882	121678348	44850	122321453	48417	122835141	82819	123412003	62979	123894288	39003	124447160	52071	125073663	54086	125596623	51699	126162667	49911	126651346	60164	127240160	37276	127812131	40540	128269166	53103	128940866	46286	129396733	41532	129928897	66030	130409429	56113	131072262	64749	131633471	61406	132152244	48445	132695403	41710	133366197	40115	133986619	16332	134408302	56630	134870239	46526	135445294	57483	135970706	56803	136554692	50164	137031081	55345	137541343	34607	137902774	49569	138351195	33964	138954993	55371	139504879	41151	139981330	62003	140676738	63956	141223531	37949	141600218	40906	142069984	41851	142674133	61414	143149275	58469	143776759	58600	144214853	43856	144761749	47286	145284779	62762	145998434	43457	146762322	50671	147345169	59902	147765834	49225	148254986	33427	148637492	49406	149180557	62217	150009923	59055	150523227	63497	151302295	50112	151732380	52877	152289373	53940	152936621	63356	153554186	48729	154065701	48755	154798183	42859	155169040	62575	155921625	63358	156461833	51608	156911702	47989	157361869	54131	157989476	34346	158608120	57618	159212080	60375	159839999	47037	160471833	56065	160983419	45835	161701089	38577	162371111	56781	163060855	64769	163644960	72623	164333964	57712	164794271	42240	165447508	42418	166136088	31414	166527402	46366	167171010	52162	167707215	53285	168236732	45271	168789105	68143	169306977	51818	169815805	51709	170374251	48373	170855428	57238	171407198	56936	171935221	61351	172584657	49013	173072137	72394	173752361	51323	174285946	51315	174973820	51905	175496075	42865	176195882	59830	176785564	57567	177267990	34650	177746721	51482	178247079	58733	179032589	70612	179473913	51706	180124797	28399	180586754	54070	181219842	63351	181720492	57715	182314004	48068	183013418	42327	183679566	58355	184360434	44200	184726994	60848	185118674	54683	185613399	44055	185994058	52197	186387959	46414	186916273	62239	187554206	43240	188126908	50246	188766360	59799	189302477	61671	189810163	39678	190354326	57381	190793719	39098	191376625	68567	192032581	57346	192498544	62835	193093116	67413	193613917	45766	194050888	45723	194506234	50635	194853764	52971	195355090	66552	195763835	46684	196392111	53399	197089297	46497	197609743	47278	198246808	49351	198603683	53179	199041245	56116	199578178	56643	200350842	53602	200972277	53904	201603619	50779	202132258	75355	202621718	45801	203327570	36168	203796850	42276	204265675	55078	204966752	34292	205612942	53590	206119150	49769	206800646	57911	207400921	58632	208013439	44274	208395465	47277	209016693	55443	209581846	67433	210097433	62163	210682497	50172	211360859	64474	211877923	53502	212476706	63521	213207277	45803	213817019	52261	214430758	53632	214903239	49340	215370693	34577	215827784	39375	216173410	33144	216789857	54669	217398582	56860	218081460	67726	218819282	52122	219410447	60793	219977237	64016	220602560	38125	221212937	64131	221741314	50472	222264594	53769	222695818	61477	223295147	44166	223767843	53468	224349773	50856	224786144	30965	225536628	61538	226088677	49032	226739858	52413	227301297	60390	227894821	53642	228557813	60620	228937205	69355	229635862	44822	230066656	65189	230733335	63099	231162936	65773	231739783	60998	232402494	41875	232946191	66895	233439376	72059	234022965	54378	234623056	36468	235276538	47063	235847726	55807	236495249	63084	237037717	48816	237417061	37226	237928397	42825	238362179	39561	238816742	44141	239290301	65072	239858872	58244	240354554	70960	241020184	49522	241757223	64285	242099942	54320	242698683	30390	243278111	50974	243783185	41280	244324036	52276	244892688	49938	245635921	55175	246216503	43946	246877281	56590	247484534	37268	247972808	49203	248738869	53500	249168645	65320	249753575	70614	250332362	47829	250864301	57531	251522609	51602	252048688	39427	252486023	42763	253041035	58296	253496061	57680	254162652	52065	254794575	62268	255439758	53078	255824148	38774	256521355	59820	256980800	38791	
