100	10	3	10	481987720.214299	19426.9288
37605	16250	53842	12963	15272	8024	43671	42922	95134	17190	
45843	28493	12593	28102	20695	15640	68168	95113	20643	81261	
23017	15749	28270	92073	82811	65028	66133	70822	73373	41330	
3701	88291	44636	13014	64317	1101	38538	51564	21999	13715	
32079	35755	90565	86109	78406	100850	111962	85747	96361	17800	
63810	8859	54286	7233	55053	83991	58786	28807	45639	27732	
12335	2049	17599	80053	56818	64456	39859	109840	73337	19716	
46698	113173	16390	74480	38814	67011	38020	53921	40936	117579	
80452	127494	29522	450	63010	128399	83310	16605	36097	27358	
24414	3387	82001	76036	45650	80037	100504	62743	70909	21106	
45900	39784	58964	26169	34514	66748	51566	63973	20964	89724	
78566	106869	112190	40468	48636	66709	56797	38399	31820	43323	
19283	49798	8196	110650	112239	68090	43201	42277	32482	2769	
47632	45634	62146	63676	32553	18827	48311	20155	45702	50510	
5433	34201	63163	114182	88197	4788	106894	59543	77034	112050	
37809	63844	52521	67527	19551	16504	112296	93428	2745	89426	
4231	116359	34228	1176	30647	64653	63726	37182	23593	95626	
99332	25270	67217	47287	39980	115182	52641	73880	53152	53112	
63392	98215	27706	2864	52504	56037	1456	63243	32524	83097	
32317	24128	62795	48489	16790	11929	36014	33886	7591	3216	
48105	21273	39344	23713	14385	8412	10421	55031	55810	96970	
103097	27765	30420	65275	49086	97018	29110	41778	32935	43009	
1395	4209	58903	29736	46359	81611	50270	88337	82258	29307	
31056	32599	41084	88491	73054	96593	54720	93720	61756	43335	
3782	50504	57555	76390	48925	78622	46333	59909	14868	10171	
54175	28089	10454	45465	51502	3384	703	73045	52731	63294	
2613	21920	91557	80901	4174	25553	104850	69190	54182	42745	
46361	74335	40017	60376	63026	69659	18169	142589	52470	38513	
67173	6601	79471	121561	82976	33932	91353	93268	79811	86073	
101387	55272	108753	36785	65802	81377	14979	20830	85515	877	
15729	81626	76745	26768	39598	11343	77459	109367	44134	78853	
10532	55033	12486	824	15117	18068	17384	58275	11727	33660	
89712	39819	55495	16479	53314	2441	13232	86009	39459	73318	
57082	57073	39872	44624	9439	94548	38510	8765	30341	82907	
84999	54531	57235	12568	7253	53630	70523	29591	24327	93613	
126278	35265	25014	79356	33396	17267	38824	11702	2706	45593	
75495	50492	11432	33275	34233	85930	56108	8508	53157	26552	
39146	39306	26547	87567	18537	18497	78179	49015	82656	46159	
61690	20679	68825	27577	67853	31337	9845	100465	112841	22860	
20684	91375	77879	18489	43768	71097	690	110714	63402	37659	
49597	87010	39617	35482	8434	54709	75516	53160	16180	30339	
22632	26240	55911	69178	6552	48060	124109	50418	103730	44453	
84509	45492	44666	1716	57891	8228	51174	36108	37761	48006	
5375	11918	43852	12094	72434	45749	2686	4944	2790	54597	
82138	22832	56121	22773	52014	91110	123987	56630	57385	21312	
23513	24904	20506	31450	10994	76192	80614	89822	36107	18695	
62857	38744	33749	50165	21018	22204	1193	8840	17371	82269	
2908	63609	62442	54849	20792	50498	10221	43612	52433	71289	
61814	72895	16732	29965	29770	89452	15646	29246	47511	19644	
61287	11869	73569	10000	8529	49579	15824	34469	16146	15828	
42752	63047	16476	6054	60688	18301	65399	83753	76887	59268	
46722	36813	37928	2055	45931	48401	5664	63216	7119	55188	
34792	98156	68318	95628	1216	1293	68635	37017	12103	28313	
95557	49980	5737	17396	81606	79432	5636	12163	49413	14799	
82251	862	52856	69074	129062	8985	38684	40079	74090	47613	
99036	43196	134364	14656	53953	26456	1291	78991	77406	25985	
82386	15667	21100	11939	51600	44064	36602	17491	80457	51752	
64536	86782	27972	41378	58569	28719	18253	7760	5629	101662	
74679	74633	30860	53778	45282	62769	4515	116707	50237	90073	
54712	72905	41078	90159	3486	81241	25726	106432	60191	36864	
6263	32845	63544	33001	114599	61107	13755	61084	21301	95386	
48539	42377	15293	8048	22656	41337	92154	87104	95790	108879	
21789	64009	59179	43203	65588	61256	89249	93547	72775	60187	
20117	47825	126078	34690	70622	17644	85981	33137	493	91667	
82034	97334	52724	33723	26124	50914	8436	68340	47107	105399	
20119	76358	69726	45497	44779	25613	39860	99792	23795	73011	
34574	50077	88491	48584	8125	79876	7957	33426	61215	7107	
43086	21167	30924	84872	31804	14476	14593	22636	9890	103445	
111221	89438	13961	89275	72426	67467	70198	103857	88609	62567	
58263	65236	63911	58000	1006	2903	30308	74063	29438	74620	
6997	112068	86502	4032	93540	26927	36552	77081	19035	115465	
38374	76197	58213	32831	53817	65965	4301	79710	77086	23773	
62975	77152	98148	22889	73816	20051	41904	67163	90923	39381	
53298	52138	76100	22888	78758	71518	7630	12940	26679	3006	
41889	20298	30642	47824	98005	91978	21685	10498	44708	2138	
25437	89656	75983	76951	52311	61781	36650	32475	51041	72219	
36557	94704	11533	33918	93852	62080	22972	19103	67645	86217	
32749	14951	23951	49733	29530	4668	63822	63078	2850	75143	
110593	8548	60082	134415	100411	34172	65423	84366	74218	19931	
20950	98335	99761	14514	7148	82462	94058	19938	8020	66304	
13505	37300	6432	54875	34951	5431	97954	97837	3233	144361	
50630	19734	103735	1245	61193	55726	18616	64513	80157	51863	
12893	10884	5109	75246	56050	80921	69329	34207	62227	102101	
66693	71896	97403	37924	58349	9722	33462	54043	47109	26576	
111536	61474	78290	55712	82825	98253	66711	13337	35341	118595	
26214	93709	52102	76081	24809	49737	6684	7036	31469	24827	
47576	59172	39524	76781	34565	14473	20111	493	47597	63192	
82066	87791	54125	21710	62639	39269	54364	35923	298	20732	
58579	32832	29913	50551	107267	62294	8188	20558	75627	70269	
88394	47514	14412	79044	71623	5947	26001	26844	20605	35632	
80884	2206	44522	71349	9911	62870	18139	32311	19387	57534	
18825	11516	80806	9436	109675	42660	3611	44151	47636	30209	
10919	37564	48302	55364	60173	99651	15912	71211	112960	93386	
37470	90841	31548	2977	47526	66960	94340	68989	32927	2179	
12714	23097	52331	123092	47936	41814	52789	35271	30007	102689	
79243	33502	106226	67994	91322	95327	40861	58934	19490	46342	
116349	38028	56490	79953	49126	46768	28646	68208	75299	54022	
65487	35470	34281	47642	23810	59679	7359	106325	92307	33421	
110431	14946	32663	79734	90537	8418	22123	101	75371	43372	
92457	35696	25340	53248	3545	84203	12253	28693	25477	47816	
431674	116655	1233007	138937	1995777	139895	2691207	148411	3625947	95886	4565887	100770	5369835	63208	5978957	118128	6642763	112691	7420685	113999	8449393	104899	9035035	136889	9956088	105646	10735325	90049	11479959	101936	12234916	106989	12946713	137803	13853744	104309	14753087	129286	15652147	105712	16450435	78745	16956778	145588	17903771	113754	18519248	94428	18924511	90300	19678903	149197	20623285	133619	21435227	109861	22285873	134694	22822218	104092	23774213	147280	24594391	118904	25490971	136283	26297673	108510	27131086	146723	28016710	84880	28803632	84347	29537308	92687	30420292	90463	31107192	128167	31915371	106564	32651642	118897	33417399	81208	34431642	88793	35328011	117906	35944917	90309	36582021	90201	37011132	91181	37654537	108347	38504799	101014	39407073	122789	40345326	131169	41207259	106327	42124698	114245	43017644	113217	43895362	101131	44791175	113961	45481853	115081	46106664	87148	46846584	121514	47832054	114273	48551583	105883	49169633	122734	49666697	141684	50498747	103236	51162126	100090	52021553	102583	52698655	115905	53446926	100354	54286976	102827	54815378	115346	55655068	100317	56413774	124420	57202157	141440	58038382	106029	58564145	102862	59246551	104097	60045657	149387	61212645	83805	62152906	84954	62753158	93514	63468515	134675	64074235	132444	64937292	134345	65835320	98686	66759040	90986	67453223	87129	68334873	92910	69054001	74772	69776509	116622	70427479	62739	70966173	150223	71820014	101357	72570991	96555	73164372	88072	73901667	109309	74767023	76040	75301601	89107	75874924	88423	76643661	115085	77375655	111936	78307766	122096	78954106	118974	79648571	117613	80483969	142657	81462091	97117	82201740	89734	82956176	120832	83712447	112871	84418508	126879	85182736	120508	86057907	100467	86908650	59265	87609781	108086	88217646	103462	89044954	85502	89692820	130125	90446233	104945	91117833	141095	92067637	91964	92536929	103762	93388669	142215	94229154	112681	94846909	116517	95563944	89023	96070762	135333	97001698	128528	97937167	109520	98648891	126929	99384417	84743	100064033	107775	100951005	114639	101907210	117985	102880664	103045	103522292	102740	104521259	99543	105205756	95342	105633320	141971	106557223	89170	107559933	94223	108096637	55500	108970094	123762	109556219	114447	110358844	73635	110933320	126652	111682141	108019	112469518	91371	113350606	117780	114073441	104845	114727342	135248	115606410	72087	116363882	102002	117310872	92379	118091149	139392	118985184	135536	120021171	108412	121012186	91113	121625460	124180	122335715	123771	123359530	86007	124204068	78940	124855226	109002	125935416	79694	126545234	93503	127181004	135564	128097519	144799	128965450	78623	129841409	124653	130702153	95738	131497588	97557	132281575	109395	133070151	133663	133883684	97876	134587926	138518	135268011	92791	136203107	98418	137097662	99533	137855571	141352	138600163	129084	139459718	107013	140167204	81349	140899922	76391	141733467	137177	142543944	133928	143259614	110053	144055575	113827	144821982	90232	145590394	114610	146588674	138546	147329059	114595	147869625	104808	148631793	119438	149421120	120320	150377216	149151	151135351	92320	152055993	90443	152515044	100260	153231956	121235	154049281	102742	154877983	110549	155749702	109901	156641335	139773	157706913	115468	158506297	69412	159294629	101840	160092138	69549	160821190	116378	161479342	116740	162244931	96161	163003360	115137	163809707	105720	164367668	145249	165059457	86611	165638398	98383	166257274	109950	167091331	92021	167789586	113018	169026189	101455	170127424	106860	170944340	73596	171813189	119116	172524896	114112	173433865	122719	174052255	103877	174828333	116799	175609919	85742	176413874	95088	177380443	87027	178173630	129389	178718693	131326	179548608	129042	180559950	78660	181290182	91049	182126101	100447	182857814	104605	183729860	108344	184352907	106591	185289645	74134	185960362	99923	186603941	102553	187248548	147868	188300977	90089	189182454	144261	190163424	106155	191039536	109430	191959206	110594	192774763	74552	193408993	107181	194145885	125014	194944189	102642	195610068	97195	196276858	120214	197337905	111978	198264021	108497	199139914	105135	200107556	102231	201111318	88688	201634282	119222	202327731	73530	203080185	135144	204256391	125198	204936005	135311	205618799	98421	206292768	158321	206903907	115114	207918946	103863	208638848	138002	209428335	152699	210224654	113755	211098155	139159	211889639	111762	212556737	102673	213348914	101046	214183881	119631	215264161	161185	216138896	96215	216920553	91814	217684228	141952	218399725	102553	219147799	117071	219999260	90578	220690227	94151	221737024	146273	222604553	124628	223116566	106853	223961511	93745	224687324	130653	225335804	123184	226014778	129563	226767989	118539	227343240	72182	228056103	60264	228594320	101172	229309450	116921	229824541	146323	230518116	84365	231184812	92430	232063866	101523	232945822	116139	233617075	93830	234335513	116375	235179782	141349	236080771	68124	236741578	121656	237612093	115606	238553410	78976	239438927	105877	239931313	84510	240723478	166212	241555467	113048	242338581	140607	243244408	145541	243877192	115172	244585980	110769	245607722	79481	246216536	101049	247027414	97873	247688523	64458	248486271	60707	249358309	116543	250361824	70127	251115907	112949	252072624	104114	252733168	94520	253404959	99278	254098564	126777	255056740	48543	256003591	126540	256953242	78708	257763992	117221	258628479	107967	259515630	98522	
702729	127768	1330764	131016	1902699	144179	2546969	94082	3470834	144025	4592001	98931	5679500	78823	6726215	116850	7616338	121586	8512333	104870	9131872	141136	9956512	89892	11003500	144079	11940789	95366	12744830	99268	13705251	104735	14550645	98031	15695998	115579	16558866	106923	17659345	139375	18638451	71526	19330400	71878	20271876	103342	20803435	114398	21660410	132224	22376040	93285	23294554	92805	24118467	137113	24934645	71529	25912745	131277	26712202	126229	27433979	75158	28061601	106039	29141476	98515	30156120	91723	31002143	95828	31783815	95781	32559400	93577	33340949	98699	34415125	87901	35216735	126749	36047656	66271	36958113	130797	37906763	95145	38806016	106136	39619478	101288	40614620	88929	41280580	82216	41842784	146565	42972570	131440	43793337	105767	44555577	131065	45287283	145648	46024214	112578	46735451	114858	47147842	93695	47871236	82624	48651809	100329	49621650	122614	50439096	134679	51276234	94458	52290898	140876	53232932	96407	53771221	103748	54598452	149365	55630866	95206	56587501	135027	57232962	93751	58133751	104697	59078109	96036	59806683	130909	60517829	127948	61228959	91224	62078105	98810	62724488	133866	63692602	128207	64277332	111239	64860570	105473	66183951	109804	66746816	116382	67528206	155591	68511377	126331	69437427	80771	70386338	86275	70934716	91455	71930007	104089	72639208	108121	73637215	120256	74516532	122483	75163763	140342	75872633	102035	76858649	128199	77840274	117524	78577241	127094	79434708	139867	80486702	96634	81346434	97051	82275973	123166	83104747	96343	83957889	81144	84897286	134034	85604971	110341	86432742	117318	87257985	118025	88012316	72172	88746180	94497	89450363	94903	90334849	114499	91242966	69462	92016393	90439	92963285	128325	93950283	111898	94950364	108016	95884788	119089	96654543	102027	97407025	137486	98395966	142477	99318113	103606	100248311	84049	101114755	67388	101857212	79442	102379180	100087	103101403	103741	103973971	97160	104856288	111141	105843212	144799	106816332	123961	107496227	118908	108455016	106114	109176673	80410	109729982	94601	110474921	106766	111226607	92611	112155107	113424	112749341	98714	113512118	112167	114416484	128078	115215670	77177	116019775	94253	116705596	70667	117502691	125008	118417102	107741	118998866	103686	119871726	91012	120518403	138015	121218208	96384	122292236	135782	123317292	89993	124068697	149230	125021247	97546	125864349	105726	126780101	106305	127616652	133668	128370803	111311	129236382	68616	130156554	104298	131077346	120795	131910423	113803	132829868	122614	133922288	79666	134650717	102221	135284005	127669	135896783	98337	136765105	118123	137667601	102974	138549243	93147	139402039	128852	140127537	99398	140726706	97782	141219979	72208	141891002	107234	142725651	101578	143641310	99068	144511188	93114	145244233	122606	146102555	96953	147003437	164957	147956401	130816	148803818	71601	149371395	113528	150090192	116009	151000503	66460	151759717	99317	152843496	126187	153857771	150739	154743539	83208	155345868	85508	156115417	80655	156889981	72895	157788852	132819	158751956	86405	159628195	112264	160465392	88839	161204800	121372	161756431	149091	162715829	123600	163503927	70941	164135774	174819	164968172	69375	165782427	71128	166767845	83501	167476737	111390	168273875	111981	169100482	85673	170130008	103747	170942437	80137	171508230	88522	172485008	123510	173037236	41104	174137756	129073	175147848	102913	176185466	104389	177099813	121170	178069491	90691	178749972	116368	179551910	118132	180264818	122101	180853269	128706	181585658	109427	182446911	168012	183442613	97104	184063869	117728	184815370	120121	185711016	118295	186608104	112985	187280773	111071	187936116	88827	188733395	101621	189575993	96291	190402765	157525	191199948	128024	192164189	82593	192914549	117789	194017058	93075	194946239	122463	195774995	93085	196534649	120802	197255946	103648	198035354	133394	198972344	121927	200113015	94521	201136827	121948	201792987	89495	202463267	127961	203545036	83441	204096746	134506	204883981	156073	205869898	140206	206889962	98058	207819244	97787	208442055	108731	209302699	70274	209946128	105237	210861935	70851	211558560	143950	212497921	81458	213097184	109552	213915241	93325	214888635	108068	215684989	137937	216764629	145041	217785653	93817	218637568	80471	219254260	79059	220034729	103749	220856066	104917	221736322	106260	222626170	78448	223393482	126721	224466115	138804	225332703	149001	226208679	98505	226964115	112860	227790704	113176	228503384	112533	229282247	108504	230237205	86563	230920857	115324	231647372	68415	232504811	84639	233351496	93043	234216435	122094	234946386	99933	235693861	124942	236498327	116543	237438617	116121	238363378	71469	239387525	132826	240294737	114706	241286221	91367	242145583	117994	242821105	94463	243300640	124385	243977662	70275	244548579	128422	245413368	120910	246264414	90460	247051541	131113	247960541	86499	248827395	96281	249560516	119671	250458321	112184	251108765	129323	252008589	99316	252738082	123993	253774232	131443	254368106	99878	255243419	97381	256195315	78137	256874441	93752	257472061	132779	258266631	109614	258776044	107125	259619303	78404	
396720	107147	894143	78705	1373015	104216	1871928	74922	2264756	82554	2927789	55841	3381861	88486	4018326	90379	4454054	118370	5148997	78976	5716754	105169	6192601	107822	6695225	118337	7388677	84280	7885765	98213	8362039	57717	8837225	87719	9532978	94623	10158959	67643	10849368	75583	11519087	95034	11918030	80281	12519431	96862	13173594	63930	13655062	107500	14273313	104482	14827055	73528	15278992	113315	15787372	80923	16569121	110722	17056499	84937	17560283	65601	18164570	98154	18663906	46739	18988648	85046	19729764	84670	20253247	101088	20760547	65857	21381871	92303	22038674	114700	22683028	39971	23182769	102058	23741263	78390	24280605	85665	24735897	79715	25218870	61355	25746191	71102	26272479	75637	26853431	59161	27412850	76672	27960494	103861	28582075	104340	29087343	88419	29740216	103262	30379353	101808	30953084	110362	31510994	84763	32292131	118448	32804731	97955	33157114	69218	33680023	122554	34110684	104745	34684663	88972	35104301	121404	35846944	78581	36431786	78170	37097018	98051	37693148	95582	38200951	120546	38779828	89757	39233773	68860	39717538	75857	40270543	85520	40839310	102566	41388617	97698	42083185	109003	42661599	110289	43187693	79229	43593489	74735	44147282	71149	44809341	96025	45511012	124772	46031227	92814	46463746	85967	47044645	105415	47485716	76302	48163194	58127	48709849	82126	49345242	96749	50094053	69313	50642933	79566	51154142	93374	51598241	80872	52268824	84577	52943886	116033	53365262	83266	53938796	62139	54473352	125871	54973061	74776	55480748	101087	56029091	88754	56614439	99488	57253632	93305	57871501	91756	58396274	94207	58949483	83738	59567924	98412	60023859	104901	60575636	67380	61160803	81222	61687310	90353	62141028	74997	62726424	51426	63196067	73552	63759839	124727	64360462	84486	64969792	99010	65428581	64826	66020581	70492	66480084	90638	67148714	79959	67744100	95853	68474017	103702	68962038	90355	69377238	60510	69992436	112907	70502658	73045	71080675	87450	71510283	92720	72104604	75669	72554517	99741	73238851	103290	73734054	115344	74268802	103930	74870794	97476	75455386	101069	75981543	99866	76661738	84534	77200092	108081	77768421	116928	78456164	76214	78905887	62478	79480290	123340	80145374	58509	80736143	119586	81233607	93417	81831523	130260	82454018	73970	82909530	117763	83352847	89380	83818070	78693	84231216	91025	84763200	95909	85406137	48863	85890596	84077	86326094	98606	86786208	118365	87397367	83406	88114642	101745	88593363	140768	89203828	93539	89768594	76252	90294677	96353	90863959	105115	91343757	57396	91739243	111913	92180298	68131	92643663	64046	93308153	122205	93777868	61894	94206426	81920	94752909	127723	95132768	81823	95408865	97677	95960351	106401	96601999	55767	97055494	75631	97755976	97243	98350304	71790	98934523	92585	99470776	63632	99881082	84379	100401198	93156	100784165	101247	101425814	106956	101992774	93481	102412899	116501	102999334	118071	103381199	71366	103835169	90200	104290160	84395	104781274	118691	105393386	78249	105915747	108407	106561333	74208	107050005	86845	107587708	81746	108169626	82151	108757082	63238	109115373	78808	109728785	118201	110259540	59112	110746727	78947	111424270	95181	112077210	117209	112559843	89811	112997141	99738	113552088	79858	114073824	99903	114801835	101924	115439357	76346	115845398	118474	116377051	64844	116997811	83181	117782347	99795	118247111	89628	118871838	103608	119424328	108020	120026098	100869	120726404	110002	121189321	116161	121587448	36181	121972748	82073	122394979	80310	122711215	88611	123239498	78142	123836140	108235	124322220	75810	124734641	57623	125138997	75318	125554918	72186	126048517	105889	126683435	72261	127189223	83786	127879211	113885	128381325	96042	129000063	95067	129498240	112177	130086729	80766	130716685	74927	131333079	73608	131958236	112549	132598469	89365	133212566	77684	133739169	94280	134365623	64075	134815723	119014	135422067	62748	135825954	99009	136237459	78194	136675602	85323	137232343	112260	137817573	81116	138291498	104221	138917574	107749	139426139	92841	139998263	74462	140436349	98917	141043057	64345	141531083	121721	142236651	65559	142891062	49309	143334800	113433	143866711	119312	144477291	112670	144945163	79871	145522500	82818	146057855	103044	146511912	88137	146961776	114026	147534290	76360	148069080	69795	148625819	101292	149320024	96025	149886834	68905	150387182	78850	151034021	104439	151578323	75800	152002425	92839	152606305	69480	153130104	91327	153637381	83041	154135284	84593	154755621	90254	155313744	87099	155745780	87408	156265118	84582	156818525	110053	157361192	78191	157829058	97784	158452954	43361	158781410	80516	159463373	93286	159978395	69768	160659371	102183	161275759	113853	161759290	105623	162307469	81334	162894572	76045	163444776	95627	164089796	91106	164661515	100479	165186387	70438	165633356	126665	166045269	95927	166668449	122925	167172453	56826	167644775	100528	168229959	82565	168605343	94705	169378574	89903	169979717	72066	170528925	73117	171234260	83253	171868058	106322	172433176	111643	173034366	97826	173531647	77101	174077315	70015	174592778	114818	175135475	96256	175738026	73704	176209416	94649	176883396	122630	177543040	74543	178084321	105805	178732851	75998	179373321	44861	180001530	73369	180426487	104349	181006201	88248	181464002	87408	182030035	67034	182622873	107635	183256754	84632	183684381	76552	184330290	66759	184923303	117161	185473692	75653	186068764	67609	186737639	85472	187376396	82520	187921625	90257	188576655	90406	189276528	97001	189841317	98818	190278615	91281	190888246	87706	191337095	102073	191866254	100516	192523939	61834	193059019	84857	193703646	115620	194195878	67323	194685782	72135	195176544	107226	195849382	87710	196334510	78231	196920225	71533	197642837	92577	198185179	105284	198752083	83465	199274707	96839	199850549	82500	200348960	89798	200957273	101327	201708739	88557	202052507	79319	202721814	122442	203268272	77365	203930055	62968	204490645	105063	204911923	110194	205428442	119869	205948885	107812	206427310	106460	206976993	120075	207663877	72046	208196046	115773	208771688	123440	209240576	82432	209822939	110980	210280069	39191	210701587	80064	211203202	67351	211802657	118110	212427074	53176	213118370	110787	213761347	71567	214309250	89471	214966942	111331	215575118	106553	216001957	112792	216619306	104442	217244581	92408	217844406	93693	218285003	95453	218693597	59473	219114384	61530	219598536	113508	220242229	113949	220954596	110454	221384553	101929	222041655	112966	222676248	93617	223139684	81446	223738329	99974	224117101	24611	224592094	75728	225098998	90517	225789920	102334	226443866	105789	226885796	114301	227490894	48167	227974423	130251	228463532	80198	229019961	69329	229635262	77853	230186079	89962	230694488	85590	231387669	92631	231887295	83114	232467831	89409	233072243	89480	233606410	91342	234054163	108460	234610872	83163	235272073	83448	235835261	67721	236454098	83363	236851887	72791	237342451	99881	237996140	93607	238658015	55270	239160191	87844	239659086	90879	240186490	77949	240653174	106725	241078748	95996	241631246	71353	242309742	102645	242835879	80120	243452763	102658	244016167	113102	244692576	101423	245296454	96553	245804671	75148	246449932	67432	246907655	95338	247528607	81812	247993302	84962	248407327	96552	248971177	90948	249511299	106266	249961258	124125	250545162	81706	251105750	79088	251699507	55227	252224523	102334	252669225	93921	253226665	102180	253657188	84066	254090778	102016	254624157	119295	254899541	72282	255398660	107204	256018993	69796	256692618	97257	257224951	72383	257773105	110444	258189017	74835	258787142	108814	259265228	53852	
392514	78637	987861	45585	1612966	67536	2245249	48855	2711753	80445	3335002	52784	3896266	79691	4496659	66574	5101105	46565	5629004	56619	6355091	61099	7091881	58000	7875161	75010	8610433	65318	9243972	39969	9805552	70428	10320984	42692	10824881	85356	11572549	73766	12241656	70510	12833263	77469	13484821	87272	14210472	54788	14998734	57003	15524788	49187	16224427	37645	16852701	42497	17354363	64161	17946931	84595	18695467	65323	19250783	74614	19819711	63685	20365131	61385	20940387	67316	21464842	36992	21914599	81608	22523681	52666	23359761	70848	23924071	72814	24374424	82568	25212222	93804	25757355	89802	26374086	75031	26973667	55965	27423968	41839	27999175	63878	28700922	46346	29312887	66718	29902133	48928	30526522	85730	31199441	68054	31650863	83585	32470757	80450	33270904	50702	34023928	81876	34722217	70602	35452983	70538	36224414	75382	36924464	77977	37577255	65074	38280863	59338	38737261	96995	39189862	63825	39781713	68184	40493449	48723	41037570	58822	41767022	93316	42636465	71828	43373321	44313	43868530	80131	44642010	87500	45341879	67437	45852725	25591	46527417	63203	47217082	47575	47930313	34773	48565185	55905	49273938	84930	49985459	52728	50457376	73846	50932109	48786	51549387	60069	52143961	64452	52732685	55543	53460816	66778	53951159	58957	54455338	57169	54932252	46783	55669770	84353	56318989	61679	57265198	66897	57769445	66821	58483244	79536	59067167	45999	59696580	65395	60105395	97490	61010101	72077	61728838	86242	62331297	80112	62926823	63997	63394786	64027	64062660	66915	64616873	61143	65244888	61790	65686243	60443	66412278	69643	66993622	79521	67594337	67250	68250325	69959	68954095	47440	69471291	63814	69950554	58854	70425175	80755	71021537	55814	71565745	85671	72205611	76860	72804677	53220	73539379	63347	74200586	57726	74990406	76876	75705062	62308	76400552	66231	76950934	54013	77669312	77147	78097222	55883	78577861	74965	79203804	89343	79621894	66150	80061165	69670	80717707	49596	81325233	70744	82012183	75159	82590668	68912	83227755	67555	83884270	75682	84643309	58406	85274726	54154	85877658	71415	86680270	79504	86999712	67314	87696362	79852	88349468	85465	88958980	50179	89656238	67129	90516830	54564	91237062	51653	91798681	61851	92365250	60542	93157847	52015	93791676	54415	94304922	80006	94964056	66806	95735455	93316	96366309	65167	96950071	78013	97483734	65159	98299819	50468	99034820	69812	99589035	40763	100230670	48240	100658868	55305	101495237	77663	101980605	79191	102654222	54070	103264685	61613	103826390	78694	104620724	80296	105489103	46923	106017409	42885	106452022	87191	107175317	44039	107814327	71016	108512532	78707	109308230	88662	109864189	39576	110511985	48707	111074085	53759	111635662	47991	112224404	62049	112903747	52791	113502038	89493	114022893	56794	114431008	65611	115200679	70083	115788872	92744	116410494	60134	117275642	65409	117713297	60768	118426949	68901	119079973	32031	119694056	65127	120422179	63853	121219079	53352	121794180	79370	122464222	53811	123133687	74635	123886032	83727	124629163	59461	125126262	52917	125679464	42910	126374055	61507	127151080	78425	127903303	78494	128297204	70194	128748380	75183	129317427	102924	129949424	52649	130651660	48187	131272636	68590	132006531	46029	132657511	56704	133359660	55983	134064124	68070	134899928	40109	135618964	72468	136163407	47283	136744217	61774	137365925	70384	137863270	82495	138419006	60228	139032392	66798	139721086	73011	140387356	45746	141173441	72231	141839611	69250	142576890	79964	143258410	56233	144191005	75008	144828966	61075	145409769	70014	145989952	72299	146601164	60565	147219655	86326	148026265	84759	148705191	58462	149468304	50340	150044710	58534	150522081	64200	151108503	56085	151876296	69348	152416938	50451	153123918	62583	153620335	87851	154242707	67244	154824834	64451	155408236	58302	156026247	69608	156802734	79594	157557473	56168	158108977	50251	158774581	61920	159405090	63092	159969231	67695	160560160	71571	161323365	74980	162052677	61708	162823798	79224	163400059	96515	164058018	48417	164886350	60541	165393201	68070	166101863	81818	166729882	62509	167171036	61809	167822831	89035	168404442	55884	169022589	69717	169590034	52232	170209463	75230	170911717	43520	171549372	64653	172086349	64179	172803601	70199	173606342	84189	174496376	67730	175110393	74040	175765583	58725	176496640	66052	177293502	73297	177958534	78061	178625391	58883	179285068	48470	179863105	65830	180597152	68279	181299858	61649	181814543	94788	182649971	79845	183230830	42462	183925018	71434	184732861	64186	185456282	78680	186233291	46379	186882601	63319	187590526	66352	188174648	74708	188751872	66167	189225878	49800	189745944	77492	190367477	51021	191026574	62165	191678614	45432	192307769	58110	192963132	63040	193607949	67942	194106881	67339	194776425	59586	195520436	61421	196053827	57530	196558856	69755	197085569	65619	197620148	53839	198270293	89677	198969832	71455	199419098	83511	200107193	53192	200634189	76433	201228748	80086	201848543	75054	202480297	62616	203045163	65153	203696692	60213	204444741	79359	205117568	73214	205752569	85942	206429760	72216	207160523	83266	207766773	62235	208441462	56284	209122372	94731	209784667	64358	210522626	76766	211245680	77446	211903319	59083	212618643	96683	213299339	54977	214015843	63970	214596645	56171	215363361	60636	215979652	46500	216667331	46343	217221623	71642	217815937	78514	218458074	75061	219252321	74569	220008048	52126	220703880	80587	221276029	61696	222100709	67488	223039923	64708	223580887	49440	224027934	67421	224535447	79762	225070827	64090	225718741	74026	226252149	57663	226667274	43830	227428996	28751	228040542	81285	228529132	66414	229101214	74576	229666366	55993	230186011	97908	231044857	59048	231758606	78487	232208187	59826	232961170	71011	233797708	53524	234550926	63706	235186059	80466	235918279	70193	236362731	67461	236860915	71141	237496955	44560	238296200	67123	239136960	66078	239819075	65852	240372520	53010	241038602	62699	241677817	51514	242325752	80122	242918422	67312	243582844	52438	244132997	49571	244777314	78287	245473855	52480	246151667	49779	246765942	66267	247208889	54834	247817741	85955	248561812	56761	249163567	39709	249893316	45676	250379177	74018	250909818	57583	251656013	62190	252318739	53919	252807226	72678	253500948	77090	254239363	52342	254913110	77955	255713075	65571	256329650	54491	257072324	64274	257601218	73342	258058713	58749	258690098	83775	259493936	70637	
164109	61216	980404	90896	1932854	80791	2982672	98994	3889699	98011	4605671	103238	5620201	121471	6343213	88204	7083827	63017	8159066	64091	8968411	99479	9925564	73730	10861255	90400	11733446	84310	12674821	120879	13528534	88748	13966224	58434	14622713	66717	15520783	114186	16290769	81945	17179597	88326	17879927	73788	18823003	65769	19526242	92334	20239621	81083	21182542	108817	21943414	106449	22751213	80941	23782144	122957	24623446	84487	25319874	102712	26261598	100063	27142519	65680	27730796	124030	28504840	75872	29574167	64326	30352421	64631	31345011	67152	31996763	89077	32933779	67597	33473305	111644	34482428	62170	35344612	69523	36143644	97669	36803705	42710	37515385	103768	38321629	96990	39134633	98548	39983341	51084	40580688	61505	41188566	58923	41969047	84991	42709635	96908	43476509	92455	44259704	107804	45110780	94112	45864698	93644	46754371	86823	47647798	100210	48462350	104728	49468877	63804	50376791	84371	51439878	97357	52457927	69115	53333066	100654	54234192	82731	55028660	112449	56055126	100610	56957892	97220	58028751	78082	58931545	77588	59528344	100832	60395544	70269	61211532	67629	61953730	62216	62847313	80657	63509227	71009	64273593	87636	64922659	82989	65792960	117556	66574108	96907	67450217	65807	68636376	79309	69167655	106120	70075207	100652	70912134	69571	71756618	81138	72461159	82444	73503451	82843	74428866	77001	75145945	85040	75993646	105467	76906868	79279	77528798	89080	78097183	74004	78926175	115523	79676693	119681	80616300	103920	81603064	81896	82528351	116141	83491391	80700	84474134	99256	85232788	80277	85981985	101915	86802629	106038	87746182	71628	88639085	70941	89358549	81162	90164834	119434	90839072	52873	91844501	79227	92479901	112427	93292766	71314	93999850	107448	94736306	74123	95371482	92464	95866248	90940	96382978	112624	97261281	90247	98013984	70156	99073995	74406	99888532	59604	100704282	87213	101439616	70437	102376611	81848	103015779	78175	103823100	102609	104787227	93986	105560535	101633	106174875	75294	107021129	115211	108041884	72101	109025858	63919	109680728	75796	110248081	81738	111070373	54504	111858309	98153	112566327	96841	113338541	88382	114286513	94001	115271808	102010	115972686	84223	116762542	88237	117535580	83352	118282847	84259	119087905	102864	119872399	87135	120689038	73629	121574758	112386	122317058	87068	123239974	101201	124088956	100937	124796184	74434	125518480	61517	126236060	96576	126813237	53736	127659281	105898	128214418	129373	128963336	118339	129728751	94563	130144515	57583	131168724	82260	131978682	79703	132626619	50645	133354481	106981	134193835	91552	135182506	80896	135983177	79776	136656011	87923	137381677	75656	138183000	92863	138880777	71656	139884074	83134	140553878	81839	141321648	66090	142105218	78730	143093188	102407	143932998	92404	144681395	92805	145478272	85258	146454422	112344	147161033	93160	148273042	99399	149118490	102356	149921205	108898	150558211	100349	151294465	93784	152086829	128210	152722319	78791	153420690	72911	154072430	80334	154850481	104972	155825273	110471	156619123	84868	157140378	107364	157965660	78088	158575140	143828	159293439	90669	159748582	85552	160638945	78145	161332498	30105	162131601	49038	162833175	93836	163669952	104667	164367275	101782	164967926	80165	165805087	104411	166601636	97790	167408481	92952	167937825	73803	168785227	96986	169823668	100793	170522589	76968	171419347	72725	172292731	95483	173100540	93810	173932939	102123	174903190	99401	175532034	97710	176295630	103649	177108636	110244	177767913	117297	178641692	59158	179480365	105876	179833220	88332	180701239	117441	181585221	69643	182349209	86102	183123041	92907	184014770	83056	184893730	69358	185654227	91059	186331816	86398	186977534	102854	187914583	80792	188583166	96515	189206267	93274	190095166	68136	190846446	106208	191712204	84160	192428066	98001	193476661	102569	194141637	73990	194811998	72301	195867056	83133	196621289	64704	197206355	71275	198081190	75514	198908328	79975	199840820	111182	200588544	90513	201402812	56294	202254309	64681	203134615	86946	203751817	94906	204587112	79066	205310350	101765	206201787	98300	206909562	76784	207681300	70138	208444546	83851	209082345	86122	209941223	98405	210598105	117951	211162703	81495	212042287	76120	212829229	66141	213679511	85790	214748895	86920	215654290	52827	216104759	84853	216730538	99893	217872084	60196	218489311	75466	219208900	92380	219968141	132432	220636697	106086	221299876	76253	222411104	113775	223213073	73985	224329253	68102	225012877	82234	225727133	91266	226585608	74990	227434619	99618	228223656	92079	229015499	66060	229627462	133379	230538875	106860	231559238	60529	232148927	112312	233180296	71280	233901264	87619	234429898	73312	235317289	97933	236070716	98103	236837413	77403	237395300	87365	238222310	140723	238956108	77490	239405332	103965	239987935	89568	241017720	95623	241827537	77487	242737259	61134	243547643	71986	244316514	60121	245012168	104445	246015867	76911	246931133	91462	247640844	89531	248574436	90707	249612951	86254	250465230	71312	251132086	86242	251782528	82220	252575278	105651	253488126	97288	254017441	90944	254614214	89764	255200225	104930	256146047	66668	256784309	99427	257699173	91458	258455827	74559	259219080	87753	
443435	60704	1152879	52554	1937413	60129	2550303	63162	3186320	77451	3857813	63898	4481829	85507	5304922	44072	5852426	45759	6521616	80698	7378012	59928	7866017	79350	8775127	78505	9426093	53490	10012698	76625	10477161	73982	10987363	63463	11494937	40580	12087509	69401	12596520	86828	13332286	52853	13653142	61946	14264474	51209	15039354	48142	15561342	72902	16086466	59780	16590112	86060	17403221	59085	18078009	64545	18877949	78263	19380655	41873	19918545	67906	20682862	93407	21408199	68634	22048212	49763	22659211	59111	23361847	69559	23783914	65831	24577479	88347	25178930	61883	25877764	88708	26417075	64184	26932266	64894	27571542	84280	28129495	61818	28734100	68278	29409837	50085	30005151	61701	30545166	78877	31326583	58562	31810340	52451	32426882	45004	33207567	68813	33985753	73939	34633834	66360	35085144	77106	35609961	45029	36310741	61093	36896895	56846	37472666	69498	38015860	63430	38628348	63977	39422798	62148	40086271	63504	40983282	81671	41480154	78491	42008931	55232	42567271	76344	43381366	45082	44140081	77210	44606216	58599	45194136	59301	45946928	73370	46393765	70086	47030590	74524	47715414	50133	48466986	62091	49292523	80044	49871148	85477	50608618	68789	51165694	94363	51702417	38753	52294507	71882	52942853	56873	53466478	59077	53990719	62350	54744338	52498	55414122	43661	55951566	40579	56623015	65994	57165584	61751	57825820	79621	58361604	80422	59081075	72788	59723499	62487	60194645	72596	60933033	83071	61657861	61745	62152576	85878	62719495	57006	63283677	69686	64009135	68893	64605142	59360	65218782	74778	65926285	59634	66593798	69785	67248850	56747	67772899	62510	68526324	55207	69082276	55982	69645135	64842	70373801	72902	71063006	52792	71853657	48300	72472297	67373	73147778	87658	73942176	77965	74572218	51436	74977588	73779	75523482	49548	76234013	60021	76846262	61940	77379795	80049	77921199	62287	78289693	39836	78740264	69898	79300829	62101	79937770	33356	80419892	66123	80945015	76932	81435724	65782	82016531	68575	82598623	89160	83203604	50317	83934949	83814	84490316	78280	85334802	58135	85820479	60717	86541429	82614	87121368	95601	87882509	52670	88561455	48215	89233174	90769	90107515	78692	90650331	70223	91241527	55176	91866265	42708	92272008	69331	92829679	59334	93359562	52827	93896826	59575	94443645	75522	94968193	54949	95701732	61948	96268164	52649	96870475	55513	97451535	83572	98122954	84212	98862309	68396	99518435	58606	100069096	79722	101018289	76626	101848642	76102	102516014	57992	103188978	67123	103629881	43088	104119156	49743	104634948	68843	105414851	54528	106216093	56913	106697584	92178	107206259	65797	107794163	56326	108388336	69614	109068476	61166	109622630	69616	110182684	56921	110754008	65723	111579917	62495	112140227	55654	112457684	89807	113123223	64807	113989354	64300	114555020	64363	114913943	79786	115581205	61663	116448977	72017	117054948	76378	117562670	70953	118225467	91496	118773473	51649	119460608	69695	119959982	84897	120605896	68286	121436919	55288	122161287	57719	122827270	81719	123521166	57846	124000718	56013	124583416	88722	125148356	69799	125744481	70888	126522925	50375	126996631	60008	127660820	51857	128277725	58675	128906767	73130	129535409	57567	130047388	34463	130502448	70506	131170729	68445	131722378	64750	132159442	80716	132938257	63865	133604290	56155	134147441	73490	134864150	57987	135453277	72242	136100137	83432	136746371	63543	137472945	35104	138162645	43902	138944828	76888	139475349	66685	139923456	52476	140665941	66362	141046429	51259	141573526	91808	142272214	69428	143052509	64270	143805768	79091	144568047	64084	145262208	77593	145995629	58788	146737443	66306	147608160	79761	148111183	67042	148838108	49019	149632211	80181	150257734	58657	150894699	57185	151607075	59934	152162297	73895	152815335	103450	153628578	53906	154151954	71536	154539785	67151	155014854	58613	155645035	69426	156423247	55481	157181804	93330	158004781	62371	158644359	53712	159045269	96005	159652587	66612	160508230	60350	161158516	61718	161942092	50563	162511530	62653	163169196	53655	164088645	78030	164790161	41975	165554018	75542	166113583	72256	166657174	60687	167208478	66737	167786323	41817	168252664	77904	168800979	84137	169545102	60343	170200887	67114	170847449	39003	171610254	93787	172195343	66019	172803333	56546	173413464	70882	173937239	52581	174342650	84562	174850718	48997	175369330	60257	175772872	86417	176436693	79139	177032085	69869	177599750	86286	178227375	69362	178722032	65258	179313218	63355	180000327	59867	180507071	51371	181122530	28525	181794145	65775	182341061	94303	182924411	69592	183444377	84037	184062162	81035	184682031	68419	185406488	47336	186150741	83403	186747033	59627	187489691	57299	188063482	64596	188680318	65298	189362543	51481	190003584	66609	190792312	45762	191474870	50886	192201500	64438	192891971	69745	193724121	65006	194241677	78742	194861044	68963	195449368	77145	196003769	61260	196755943	48718	197442985	56399	198020790	63318	198506642	55990	198995470	67557	199363994	69832	200247892	68220	200902765	71676	201700721	72399	202350958	52173	202941210	68424	203590041	59579	204114875	64685	204830279	67048	205581524	51866	206180370	91644	206972528	60326	207706446	71525	208705029	62681	209247234	92584	209889083	63841	210610667	53307	211117178	84859	211738724	38243	212398562	91551	213081495	80230	213505390	62014	214111149	79834	214675244	79660	215213580	62239	215887357	56151	216578763	70160	217285346	79411	217848527	77496	218522773	80548	219268201	57941	219788192	45751	220316439	64868	220905310	75725	221770629	55961	222538521	57598	223148498	45608	223646550	49832	224122753	64752	224618040	69016	225467102	51210	226051129	76134	226860528	84242	227502063	62340	228065199	75844	228716520	84198	229138079	80935	229877627	90610	230344903	62715	230955667	64269	231755369	73674	232277089	51040	232867223	76785	233576457	82487	234104225	60476	234787652	52966	235432438	70025	235922547	80706	236599573	61664	237120894	55303	237891047	77429	238573969	56422	239513571	62115	240203362	53027	240847062	65174	241463426	74108	241999383	70064	242502448	53514	243076651	61711	243617608	68856	244235389	98680	244884315	64380	245461076	60017	246097242	87953	246931351	66285	247624860	79353	247991454	67809	248526215	60386	249263608	65042	249732459	65232	250367941	77542	251035021	60519	251718238	49027	252215393	73279	252852354	59230	253530181	58728	254132760	80611	254674475	62113	255381781	63236	255999416	71388	256641363	87853	257252394	50460	257891932	61674	258497112	114615	259365782	37684	
0	17918	274353	89221	587230	146237	997873	152356	1353930	127761	1734712	120262	2126362	149949	2546994	133993	2909147	101465	3263782	108901	3614865	118807	4091993	137319	4437698	136076	4829967	116614	5206834	135139	5645769	125666	6036975	122701	6431750	72009	6765881	82972	7102372	108967	7593150	121002	7976508	108900	8369859	105837	8683827	136301	9082804	81809	9354203	98417	9721631	83698	10054995	84363	10361200	136403	10783549	99030	11119101	113832	11514779	118756	11883854	80331	12168361	162606	12599849	91475	12910427	116487	13326558	122079	13632208	115136	14002669	126606	14394510	161180	14864789	121574	15301508	135898	15605310	107706	16035910	146345	16451702	157155	16915698	141226	17306985	156138	17755939	138157	18211842	159570	18625611	147366	18928074	159663	19283424	93933	19697045	193523	20112066	80285	20449919	103600	20824736	133676	21190051	144340	21523906	88993	21931157	106667	22244463	172249	22613664	107425	22916468	113278	23313116	110683	23697200	115477	24069047	135287	24396668	109337	24681521	115976	25099437	145446	25385015	87506	25662151	85782	26095314	163521	26603687	209563	26968439	140190	27379074	117021	27719888	98328	28009272	135622	28369718	143937	28644286	132051	28926047	100594	29264834	131636	29653246	146187	30056846	119948	30417729	169893	30830124	90273	31161401	146292	31529125	109267	31806862	125585	32239835	126045	32601699	105800	32869498	128165	33204150	137844	33630519	117773	34043763	143219	34433744	158203	34828621	154382	35083344	120326	35527000	164079	35992790	119717	36466742	132362	36838526	142648	37214446	121278	37591456	134417	37996399	95554	38295866	123990	38786482	141951	39151192	111810	39572770	183978	39989790	120092	40419513	169893	40843476	75425	41052996	147834	41409092	83081	41745337	147358	42203893	102067	42573513	137757	43007000	140688	43348926	131186	43752331	168950	44182426	143254	44599691	110222	44895267	114906	45297213	130799	45748770	87562	46084974	148746	46538945	112497	46882952	117500	47312852	148837	47770410	126391	48175302	72023	48541220	149364	48971040	152306	49353693	156344	49751386	113809	50130953	162179	50507845	129903	50872398	120100	51148960	114804	51537388	129810	51925823	113892	52185805	156317	52580756	161227	53124828	123124	53563349	123072	53894481	167185	54376924	114343	54746586	126615	55077263	108442	55428107	146621	55896690	150645	56284751	147801	56689903	102211	57045562	121034	57443012	102249	57764821	171789	58139730	126310	58523975	138345	59030534	101314	59338342	148495	59715373	134084	60114368	135749	60509652	128715	60837963	93873	61234686	138213	61595287	174164	62031710	141846	62404720	138556	62758071	107156	63178250	117860	63512536	139505	63898088	117464	64228428	160029	64608433	123112	64913494	122870	65244633	144146	65621229	127070	65958360	122493	66359001	80699	66724572	165213	67105489	96958	67394975	126187	67754684	145448	68120104	157645	68562432	104449	68876937	145205	69341517	136278	69694673	106441	70064075	115867	70442399	119788	70826549	197092	71244695	126736	71513636	115430	71856405	143424	72181587	130518	72600649	177716	73039998	159925	73388123	121055	73779086	69195	74079978	102798	74431133	95230	74645781	155758	75029438	168844	75471405	105555	75828966	110395	76273295	127017	76620133	146000	77025175	131765	77444190	75782	77742495	145843	78189478	157115	78525886	123054	78947999	104319	79238714	130174	79694457	149309	80094332	127543	80432111	130717	80755989	155833	81160560	95978	81489848	109726	81893481	166132	82257202	131502	82695238	128928	83068282	117598	83453366	147666	83961824	144255	84349299	142424	84688212	151791	85049454	128867	85436215	104047	85675994	103903	86000987	138367	86342070	138404	86638057	94648	87009213	110896	87386996	136486	87797948	96674	88126351	155720	88551662	140665	88977534	87148	89335921	121774	89721134	138702	90077922	53085	90316552	114274	90642430	93610	91047896	123014	91340724	121710	91678494	125131	92039945	111613	92383452	121696	92687906	105489	93087272	141080	93486464	106276	93871389	141787	94168070	222830	94635280	111467	94959513	155448	95332290	137480	95630061	141215	95973072	121518	96322492	130308	96706264	96312	97059775	141687	97431519	155878	97780631	143196	98049405	164043	98468155	113136	98826468	121105	99183297	100809	99519374	142740	99934004	141955	100288181	133499	100625568	150817	101121887	157382	101497102	182816	101882511	120324	102262586	74549	102678000	143702	103061025	76752	103370444	128432	103670760	138544	104065397	96908	104381148	165032	104864240	97749	105289667	150297	105708741	142572	106007983	110958	106331999	136668	106694840	130435	107058977	108649	107362761	114548	107761326	117455	108122942	156925	108549663	108831	108929675	118502	109299048	113327	109676745	88673	109997915	199434	110381711	147862	110797792	82450	111084809	108847	111413206	121270	111779106	141279	112192841	118615	112624035	76216	112832415	117818	113200295	148891	113549219	144474	114047240	194032	114496588	167630	114879438	153021	115159616	135350	115585964	156055	115997826	107539	116415732	113896	116821017	106825	117143292	110420	117567275	158683	118086629	101165	118416126	155654	118912978	91608	119245031	94704	119681853	155578	120062812	114494	120415163	123208	120727909	119489	121169744	160916	121615608	168276	122122093	70953	122334804	115728	122714362	98841	123091354	134438	123416327	129890	123734345	90803	124143763	106439	124552587	165054	125019567	95219	125349580	131727	125705553	118638	126053817	130233	126428224	136050	126851741	126681	127211781	89205	127541294	170399	127979413	119641	128324827	159446	128788163	97421	129125520	116057	129527077	128389	129871941	92861	130166923	126796	130499962	85944	130840313	108155	131140123	118420	131482644	140132	131807133	114959	132139015	141221	132480366	147964	132811833	137532	133250698	130989	133706658	149499	134069787	111314	134530352	126124	134829527	183276	135275297	151442	135643324	124501	135935166	120968	136207875	165276	136614723	125491	136927826	123061	137381241	111805	137733671	133647	138069377	93598	138494389	79050	138842769	89638	139198035	170146	139668950	94228	140026284	92078	140379725	147576	140900659	118203	141260994	116023	141616400	145754	142045086	137954	142447414	126041	142753605	125266	143093015	158169	143481026	85334	143830344	144939	144290149	167560	144649369	136611	145008578	144556	145389482	135965	145801886	111379	146131518	155822	146516360	111057	146958132	136682	147349002	81146	147677278	174686	148081966	135805	148473944	102980	148832777	98819	149136313	136829	149416694	121063	149767538	118005	150200586	179350	150660929	93158	150952623	134825	151379517	109389	151781035	99831	152099894	104321	152465956	153879	152916925	122807	153348299	142612	153712332	92110	154026060	102552	154319888	147563	154716910	129503	155028054	127461	155304067	93896	155655370	120242	156044044	117821	156397265	101990	156721100	81849	157103697	115867	157437044	95026	157830954	114263	158087439	163466	158587986	158024	158951258	122062	159415251	117458	159737620	188141	160192907	112916	160519671	130723	160915916	127889	161166716	119021	161523460	205187	161961045	102785	162324920	133902	162741088	112353	163121160	146031	163498868	128213	163966389	93518	164322290	110786	164634192	98101	164981619	131240	165372230	140218	165736176	131394	166121619	147731	166531415	113845	166809657	154726	167286351	166634	167684814	90101	168085649	103281	168461399	146692	168843811	99260	169185341	108281	169590070	97369	169950103	93425	170284896	170712	170661690	125831	170961958	149636	171364223	122590	171711610	131109	172093091	122130	172540981	93709	172874524	124815	173269580	131200	173574235	91913	173894375	145091	174252077	145735	174631798	122289	175053081	177350	175446356	143019	175771312	121376	176088987	132788	176444146	140637	176929746	99684	177319110	120379	177695142	158450	178128346	137618	178489874	154389	178780356	70138	179057132	55452	179402192	101567	179727913	134303	180136354	125820	180549891	111656	180983641	91724	181278393	143148	181637891	103570	182013065	137504	182385573	127545	182810382	88462	183218610	147416	183607311	156138	184079371	95899	184469605	133556	184919322	196195	185366331	126703	185676560	131983	186051571	146544	186495458	110480	186799882	140181	187244702	147075	187571782	146929	187958463	109708	188258005	102331	188530043	157681	188873766	111935	189334031	145861	189742873	143226	190135269	101414	190494337	146961	190923025	126969	191309215	101083	191657510	111705	192039417	152443	192493028	109255	192832896	104451	193188224	124052	193557013	167805	194033883	146530	194437666	180337	194952815	160884	195411639	168455	195868163	146999	196231580	102225	196649718	122082	196998868	116835	197302617	174617	197764910	106405	198144843	146408	198634581	125587	199003572	122988	199319407	125714	199776928	126550	200151556	128470	200481349	137875	200831146	153986	201198350	74141	201511884	144962	201913786	150868	202441217	118226	202975459	129681	203308089	135452	203652255	108738	203977083	107154	204305589	180256	204797049	132626	205241126	145838	205606108	170203	205996984	100796	206309561	110802	206734743	85271	207131013	75286	207420408	126779	207798892	152598	208178959	102393	208528365	163346	209022006	159755	209496344	145004	209878712	99637	210190150	136120	210580553	152287	210976071	111085	211318330	137053	211764202	180912	212206169	149314	212664625	125713	212958735	74416	213268138	122543	213636356	142055	214024025	115630	214482835	123809	214845595	136881	215212545	112947	215527569	118655	215932346	192763	216354563	102947	216765368	96073	217157793	178561	217637849	152812	218028551	143955	218365185	151543	218725672	94083	218960602	133600	219389460	93481	219673633	191610	220056049	152699	220463667	115058	220834213	108750	221125660	156794	221448983	95117	221820409	136718	222151703	115502	222556583	105675	222886195	101282	223272917	108439	223640207	136637	224048458	139264	224489072	164130	224866609	110979	225127034	134603	225546698	158318	225928183	132094	226229315	99341	226591041	86630	226921709	124770	227264319	143739	227524681	111214	227929178	153937	228317317	92081	228663585	121726	229050814	104481	229345396	133465	229801341	173106	230245621	144996	230626891	110776	230944987	151891	231357010	141975	231870011	97098	232182975	129342	232551173	131418	232946516	158804	233365643	137587	233822921	182319	234327225	136060	234781854	181890	235252931	113942	235604662	137533	236021398	141310	236350968	112127	236729556	134203	237161539	134892	237504641	124988	237871588	114156	238300575	101269	238707621	128359	239093047	73761	239430197	106745	239771805	149418	240232673	150023	240558021	134800	240920170	105603	241254773	135151	241590618	108647	241982390	147167	242401904	116636	242803631	146961	243197183	111183	243548461	129551	243936175	142781	244250443	114513	244665199	159105	245110719	114246	245558628	141673	246001510	147674	246430513	149223	246803459	139841	247263940	117004	247694631	90428	247990254	126609	248367346	146346	248774337	125473	249208616	108630	249525227	169971	249999625	120603	250298149	142962	250681064	114737	251109806	135372	251474921	129593	251889978	140614	252264328	120104	252633451	168774	253003535	125952	253307152	180599	253702531	145355	254131531	135350	254505683	121232	254878241	148553	255202408	117024	255585582	176390	255978434	160982	256356168	122803	256627725	86086	256886524	134077	257377530	149762	257771012	152895	258153418	92855	258531654	145850	258921466	126147	259256711	83206	259574948	103694	
154358	88558	618370	66993	1180398	59159	1604121	99074	1921959	69480	2378783	143650	2900288	96800	3336344	93088	3908292	69204	4209543	82205	4682878	64911	5076319	67117	5512320	95580	5905373	103006	6384640	78057	6729924	98732	7133642	99412	7548082	83163	7971379	65221	8380780	78538	8763777	73542	9232971	109995	9585098	72184	9925754	88385	10518792	99949	10958868	122776	11478790	106105	12034378	102595	12438909	52479	12833385	95917	13241823	55579	13606243	85924	14114923	63808	14520344	96890	14912956	89514	15353358	84643	15739372	89419	16203650	99064	16614843	109273	17103211	102476	17595975	87206	18089373	110224	18435169	86198	18751471	70024	19227597	84034	19587944	98976	19979657	75624	20462605	89435	20926878	79594	21363424	56111	21794377	95973	22166705	115936	22713188	51423	23205807	81347	23642507	105715	24067655	78327	24331352	81808	24731619	97720	25139984	74410	25627957	83111	26017591	93764	26508252	95052	26857992	93793	27276219	79767	27737843	101565	28086692	56268	28364656	104652	28785527	73639	29299862	96420	29756453	107292	30120227	52950	30524016	71242	30888075	60508	31311425	81218	31800114	80307	32265928	104043	32780122	88948	33217329	78228	33644431	89023	34077992	58864	34400510	97093	34736466	82240	35177822	92634	35599511	90584	36133941	101577	36490325	69096	36904730	84194	37360622	104353	37814319	144716	38216917	79406	38667183	70350	39128283	80345	39524282	82456	39867363	51887	40362576	92717	40873821	103269	41403460	78146	41800516	85768	42194724	81579	42621185	80516	43091729	75969	43460480	59007	43814961	110159	44298071	103026	44851555	80287	45140998	115053	45515453	60611	45908727	87357	46275423	113913	46759239	100432	47160992	73825	47522991	109008	48034212	54278	48481216	68711	48816060	86930	49230885	69041	49604141	70596	49917108	74109	50335478	110456	50805884	94049	51169100	85635	51611762	90986	52105418	77936	52538304	110431	52994226	52709	53289997	77002	53693941	82694	54122759	100807	54550530	92622	54977897	103941	55443893	89404	55858629	105721	56307548	86408	56670677	68574	57043600	45136	57343726	43290	57739501	69103	58094582	75267	58488188	73818	59024164	107173	59498472	77196	59915740	101459	60328930	106498	60725247	73712	61074494	77829	61380344	83242	61703282	107122	62034684	79167	62487450	113730	62841200	86109	63315953	69999	63784438	78184	64170669	86096	64498026	72691	64885292	86078	65283439	62506	65666531	67411	66043916	92538	66405291	69525	66806395	97101	67278502	92258	67682864	75972	68174245	78009	68490546	83804	68866997	73319	69296458	72536	69744183	70334	70254584	74619	70732884	104688	71190342	70877	71605621	86112	71912879	57784	72263817	95999	72747602	73451	73243359	75010	73741229	74511	74177583	57631	74495015	93934	74975397	52279	75437335	70063	75988450	77910	76351953	78843	76836222	98237	77216016	92503	77634122	31584	78085866	61516	78466251	89294	78882579	77768	79318614	112289	79720138	90261	80174093	80204	80669748	78485	81141600	102053	81734348	107053	82145097	76729	82582292	64508	83117996	69036	83650016	83823	84025669	100732	84379763	95272	84811411	84603	85141406	115006	85458022	107032	85950006	97585	86326829	95962	86647626	59185	87009484	101881	87428467	91773	87898308	93285	88536406	74477	88929157	87435	89301548	104979	89769665	88425	90227772	63275	90655620	88919	90955710	68790	91378381	136976	91897247	76132	92390344	100718	92835545	87171	93193695	91065	93735160	78763	94197571	58571	94589262	66277	95004483	81685	95404900	78843	95824096	110064	96262106	113191	96800456	101413	97174902	129441	97614672	76081	97982988	105672	98430439	76549	98833658	125569	99306215	100254	99650449	97419	100132568	95830	100589712	84711	100876488	91573	101183715	92282	101532861	59749	101830104	76367	102302630	120132	102739788	85016	103197611	99554	103570678	67297	103937001	65540	104351013	69655	104746879	104009	105156717	93476	105540812	59192	105918809	82538	106374007	114023	106913723	68229	107264441	89536	107738063	82890	108108850	46083	108457971	79714	108833243	89048	109219501	75526	109671728	111075	110181311	70763	110552581	66949	110953356	82969	111333484	66344	111689006	100857	112120947	116126	112586533	84947	113025068	80527	113447218	68432	113836878	84703	114309371	97662	114725618	108843	115130775	76941	115547135	77569	115975272	93966	116479073	70994	116841537	70254	117237487	62229	117496182	86184	117942370	83532	118380850	92019	118827249	95118	119231508	74674	119580328	68735	120042316	42609	120463019	75596	120920830	71956	121401914	56101	121890096	75676	122323641	117866	122829713	65732	123351101	86408	123812835	60925	124204080	97935	124730273	78327	125135054	82827	125385211	74475	125821252	66938	126084295	55190	126427826	96089	126857365	82534	127192389	83584	127623139	110757	128107306	73883	128485240	78203	128999950	88696	129381085	50918	129764003	81227	130246172	60179	130711172	84057	131224451	73431	131654307	65101	132150048	67963	132645425	50853	133157258	80704	133603589	72654	134122336	73770	134479703	60597	134929087	99215	135307730	81697	135729110	105975	136167634	81457	136630193	89347	136947378	109786	137351019	71837	137868282	78111	138364627	99461	138877018	63230	139289503	90374	139819551	103023	140288002	96547	140552735	67422	140948438	126219	141398105	92170	141825895	120057	142404337	82365	142756191	81831	143254948	105279	143672267	95153	144089808	113936	144674332	85311	145058221	89251	145454061	81834	145940474	81130	146404369	53762	146746945	79409	147074577	97615	147528068	104359	147969300	84767	148358111	87010	148803273	73419	149193743	83808	149568253	90061	149966361	52144	150517505	81439	150976780	101930	151438999	63486	151714637	80625	152147881	73169	152544864	79022	152931991	93917	153267639	73806	153792926	59319	154236519	94623	154718519	105555	155091654	109259	155466110	84649	155909957	97087	156388645	94173	156824047	85980	157224176	89556	157647777	103456	158048971	118043	158378654	103026	158797349	117514	159229437	107799	159632205	46446	160021185	64634	160530962	90484	160910295	75169	161261904	93150	161617312	57700	162081193	95603	162584896	85098	162921006	109257	163327910	82597	163676323	84349	164040154	93253	164487118	74522	164829934	89138	165248343	84996	165724428	82980	166127486	85918	166512993	94422	166929827	57277	167298366	95877	167735117	61177	168167583	62412	168449305	93568	168810044	83188	169286948	85456	169694572	107965	170165302	99747	170514565	104285	170868428	76145	171228648	87700	171648300	62859	171997298	86435	172347420	72734	172783547	98501	173258537	44512	173670805	58541	173942532	82331	174393514	53588	174816800	90730	175230451	78362	175692791	85921	176098193	82910	176478912	76388	177055936	95309	177540788	76630	177788058	57662	178199856	73294	178569245	79502	178928721	107680	179212849	94851	179706652	103884	180241368	82081	180730865	60752	181135964	83461	181525908	86912	181900418	82786	182415060	84061	182766645	116634	183262262	63860	183680441	112002	184035985	88326	184439313	84725	184841662	68481	185308596	77241	185743625	85711	186221524	88816	186739688	91159	187161429	54530	187636375	85870	187937956	96435	188295635	40228	188766119	40711	189188375	92568	189523895	83767	189912792	91544	190341757	91765	190727167	87524	191154451	45305	191570469	74511	191962715	86153	192277634	75299	192627271	42072	193016397	68738	193431992	81186	193798605	60290	194196928	69847	194744420	94130	195070922	79149	195504765	68490	195911694	97837	196355325	97342	196796654	74400	197200282	90619	197741132	98656	198150491	44015	198543712	84793	199036423	84794	199464257	43156	199824011	74258	200271813	67333	200666774	99138	201146720	103899	201581226	62155	202015809	79394	202533131	83753	203016176	75043	203419389	122451	203871084	123236	204313081	60013	204798741	76578	205258510	71338	205697713	70085	206145703	66301	206591909	55378	206939915	136481	207388395	100077	207771392	88718	208193466	92152	208696395	67091	209018491	70162	209379164	82700	209817443	75163	210188732	86979	210659165	69837	211146371	90417	211603227	81966	211850885	82781	212113235	78684	212545745	99064	212921700	89156	213370348	85050	213815364	63457	214257216	67787	214713547	68127	215129033	61648	215484689	57680	215881706	77978	216219338	89052	216637913	72449	216941892	64084	217460188	75699	217826526	73998	218223927	80332	218623068	71385	219029451	93966	219444124	81112	219867619	74085	220226068	45620	220615212	84916	220965481	84877	221431529	81567	221927086	105120	222351679	104908	222764921	75085	223234705	84560	223603508	74640	224009233	79052	224389699	105438	224717571	101430	225125336	80022	225555543	85109	225963671	61176	226366892	62287	226635949	99349	227009397	87135	227401569	66834	227771905	105984	228171374	98348	228644180	101568	229123148	72653	229545985	122905	230072807	65000	230436139	70451	230882206	106987	231259066	80726	231695239	75759	232014273	79846	232549704	67836	232947600	77623	233403744	87143	233900472	89633	234310501	84980	234642774	62077	235062899	87020	235457526	71511	235764898	84694	236153855	86662	236538569	80033	236914151	79591	237291584	83753	237790305	112584	238253440	113861	238738768	40267	239144589	77658	239443239	113815	239935162	104394	240322107	113507	240734641	76719	241168401	96901	241527545	57665	242025496	84932	242556489	115444	242966695	67922	243404270	44455	243734780	61688	244103515	85364	244503838	79879	244844641	73910	245375239	101480	245892655	70013	246189069	89417	246617590	78845	247111073	72820	247618320	79847	247973578	92674	248340606	94485	248797854	101963	249160958	95684	249635815	107710	250090284	73516	250392275	74658	250834021	76870	251464277	78354	251868809	66715	252170851	92163	252658846	97652	253174029	91851	253590955	82805	253973371	96726	254429730	100863	254808748	124864	255357631	107212	255722143	67561	256100305	91686	256609017	56756	256973355	81212	257485404	71610	257903890	77553	258351067	94386	258734005	67458	259047601	79389	259436693	85513	
241080	47942	733073	59831	1186130	67668	1623796	69101	2046160	66867	2532495	70110	3101800	50282	3512477	46040	4123116	58910	4594669	61375	5174679	66610	5636322	73949	6251438	86417	6769124	61474	7187907	75621	7760727	39807	8233244	40226	8842646	57781	9278371	71459	9654629	55050	10109676	72896	10660958	83681	10967004	66454	11486464	57456	11967842	60590	12514017	57439	12840287	78622	13435526	54724	13979280	71669	14383064	65634	14815884	76395	15329161	62293	15728760	69097	16149105	36928	16646082	45644	17100195	53627	17398249	56954	17932321	68454	18354599	57126	18881572	50196	19315170	76352	19884662	53555	20437005	74431	20952884	60670	21481277	46680	21850379	58319	22401228	51040	22911183	52147	23305271	39237	23715293	57315	24134567	75208	24702216	43488	25208196	79622	25762908	77508	26231425	48250	26676187	75566	27092338	51197	27560945	58458	28050098	78730	28628923	51388	29069527	60714	29581598	57333	30010372	36176	30405592	56598	30792461	38416	31154443	81710	31814436	44812	32117520	58589	32609891	49959	33031232	52512	33477044	65269	33912237	56066	34465221	75210	34989537	51708	35445932	45821	35874453	82242	36468509	63192	36948898	57838	37372779	65062	37763686	57620	38177379	50756	38729406	48710	39256410	48640	39732111	74845	40085061	54168	40618592	52948	41280116	74449	41796283	46544	42147880	54388	42497655	49998	42985313	44557	43493536	71211	44095237	58782	44521145	61557	45044456	72496	45412355	45424	45941708	76073	46448010	40980	46646809	60595	47037971	39835	47551418	52787	48117463	59768	48617524	56032	49246649	69099	49688387	45868	50106048	53369	50592029	60887	50940563	48273	51341982	69968	51874238	79242	52343840	75424	52834296	48684	53269106	69276	53869853	65111	54366852	39682	54769239	46725	55210245	72204	55700670	63781	56192222	61761	56557555	80804	57145595	39884	57663758	57879	58179991	41405	58630791	55005	59099455	57406	59537295	64381	60131917	50562	60626060	53539	60975390	59414	61520134	69465	62100235	57980	62598409	57928	63036684	57047	63572561	30009	63881360	72837	64312814	44940	64650124	58175	65108802	49898	65529313	37403	65949773	55775	66501851	55782	66986141	83450	67359743	53513	67823620	41380	68464686	40143	68828314	57536	69289935	60906	69755796	64057	70258429	56380	70788563	62434	71199922	80769	71493664	76948	72115499	33266	72582782	44368	72931518	57045	73318853	58565	73725389	63606	74137653	36266	74659598	63631	75086873	50028	75597289	74250	76008970	71248	76290163	55334	76727032	43114	77240650	37294	77658474	70209	78108956	87167	78635544	59934	79174001	65218	79749572	57623	80271963	72984	80717627	66976	81025063	49610	81479987	49324	81965336	54321	82421705	69435	82891749	70111	83302275	61307	83982730	51197	84426175	50647	84853198	60612	85317317	64197	85763948	62566	86239691	34686	86583580	69627	87054055	67748	87486972	57014	87904194	48498	88232521	49843	88798900	61231	89337879	79387	89859432	63292	90285301	56534	90782369	71331	91296605	52557	91671006	72173	92221729	55164	92597905	72375	93184628	67393	93733333	48510	94229622	64175	94639327	42261	95215615	56849	95684787	70531	96151735	64522	96619658	71379	97200894	50546	97718835	54242	98128711	70757	98550658	59569	99086790	44419	99519654	84689	99954171	76169	100586995	54417	100981259	50723	101402587	54036	101888544	58946	102289275	63107	102704929	81327	103260055	43429	103819995	82246	104395162	56305	104821223	84816	105384399	71559	105943550	90475	106346465	47813	107039678	55126	107545930	75278	108112845	58406	108599843	76836	109021347	68045	109471776	35803	109717282	57102	110170821	43884	110644418	57790	111046347	47653	111526822	59105	111852493	78290	112295740	47920	112775389	54572	113092539	60806	113584663	34901	114069658	67198	114544008	62567	114927577	66109	115215129	59666	115749018	62967	116230388	38398	116661350	69902	116986245	36572	117339823	62163	117950771	85546	118303285	60136	118629975	48178	119125016	53141	119565938	64801	120002246	40412	120497151	61843	120988066	54961	121439288	54060	121823883	52598	122288578	49144	122716545	56051	123154867	46385	123516774	42050	123923208	43674	124135758	52787	124693492	78516	125132616	59479	125609868	67285	126056834	71802	126545146	49499	127148326	47872	127611440	43034	128126008	51435	128660662	53701	128932861	59626	129262182	60271	129820930	81690	130193102	64533	130644857	60129	131152807	50984	131609806	52678	132076815	67524	132559060	58333	132830851	83368	133331283	44601	133720054	81931	134252577	61208	134666557	57518	135255725	73037	135766859	74515	136109853	68715	136556134	53429	137024253	71576	137424470	53575	137904721	54994	138338763	48188	138725731	52373	139140858	51723	139659556	46848	140083605	73744	140399786	41100	140982749	68886	141462448	67162	141862549	43895	142200502	50217	142748699	70307	143199377	64435	143682318	74656	144092246	49186	144512297	62599	145000434	64009	145474588	47423	146072429	48076	146371149	43631	146921539	49046	147216782	39033	147652711	54106	148103911	61569	148460787	72789	148934240	58116	149382235	58068	149753898	78054	150261860	57363	150688032	67770	151127362	57047	151679590	58853	152147446	68778	152745071	51332	153180758	49188	153586133	61165	153960818	64011	154449925	65343	154882053	58440	155230704	68008	155702393	58084	156152018	54295	156580841	73556	157082047	49776	157600006	69342	158226115	71265	158659577	51480	159214847	41937	159648712	41106	160096110	45528	160547885	57597	160869267	38419	161171590	52365	161626424	57353	162031840	58422	162502064	79681	163033835	53459	163401493	55945	163872639	49310	164244996	45594	164631162	60583	165341971	51801	165820739	49522	166254413	74556	166726775	48844	167238413	74499	167678527	60160	168124757	67968	168440479	56458	168763990	48613	169138940	64861	169417514	48102	169813009	48193	170274870	40734	170752288	61513	171167996	77207	171687762	66224	172281557	60894	172705594	84670	173348476	70027	173846811	65357	174310964	60533	174703824	56164	175234311	57127	175752254	67771	176238301	60859	176643237	54609	177015491	58037	177566543	70401	178040389	59011	178522677	37088	178834099	64035	179344999	63925	179674128	47293	179989312	43785	180422003	81351	180803878	66523	181219442	50057	181529336	50419	182033727	54257	182562134	60239	183112978	35571	183543881	63201	184014798	53446	184600679	72195	185019060	56776	185602632	86377	186170069	56546	186751351	67255	187384610	60279	187787644	73287	188326583	68505	188841212	67883	189423387	63909	189821221	71077	190295603	58373	190775883	60043	191266144	73538	191661155	45451	192158037	57375	192599343	55207	193149112	59199	193636072	53340	194148359	67906	194620451	63772	195125468	51723	195480808	41751	195957218	66646	196405989	60965	196894747	48502	197445807	54738	197832243	64166	198407670	73274	199039205	70175	199612950	90669	200022110	49223	200552861	60802	200918547	57314	201497211	54413	201915916	42089	202289217	57181	202741879	26095	203219419	79363	203622732	72727	204055370	60667	204452261	63363	204900379	45345	205410337	68006	206009351	56025	206560266	67649	207027010	66535	207477768	58117	207883535	70446	208305527	57368	208601670	77990	209095665	53743	209503673	40477	210010529	47391	210467752	53879	210848210	62897	211382999	41622	211861095	69914	212325866	74529	212912116	72672	213320547	78892	213845514	49870	214152053	60408	214532174	57516	214930656	55817	215361363	78585	215738817	70737	216171076	47615	216743352	37990	217140800	46753	217647364	51073	218080240	47327	218704277	61514	219212954	48341	219556837	73822	220078160	57764	220474817	56540	220922468	57095	221413154	76833	221866505	44703	222361778	73894	222906008	66253	223379986	54543	223836087	65206	224280469	74069	224696689	44492	225298602	77113	225896441	71227	226467459	70373	227012703	52183	227343776	77246	227915519	67167	228130289	78987	228622074	67884	229102723	68336	229554686	36413	230038840	69228	230673593	33393	231076428	60564	231507978	55706	231946472	60703	232500112	57760	233015758	58301	233485951	45819	234046113	60350	234509977	56509	235006727	59151	235430767	48607	235815709	67014	236314526	59165	236730394	74370	237162698	60444	237573559	56130	238021512	67806	238587254	61980	239101205	63036	239519545	48023	239875046	54878	240441213	63395	240903287	36715	241306441	56841	241807550	62505	242260273	69987	242824406	67966	243167506	73497	243672387	56543	244292878	66032	244669695	67869	245309424	68508	245799652	70634	246277433	61794	246698384	62133	247128857	51707	247508147	68676	247938171	48330	248309845	58790	248691197	64552	249083357	64987	249534881	70738	249929528	59866	250364290	48097	250794178	74785	251312396	51129	251870726	58561	252143585	66006	252474783	57474	252962534	47972	253500799	73669	253941653	54499	254281550	71930	254808902	62977	255356288	60260	255845923	48830	256202409	70807	256682173	57743	257151360	65732	257431039	56449	257915891	68766	258455764	56160	258760171	66292	259290727	48054	
58319	51180	492621	46223	962927	56514	1582855	43085	2200432	58839	2741701	36464	3268397	63909	3693532	60007	4052192	49205	4685997	42591	5161847	31469	5671534	55232	6097056	46234	6797444	42434	7225517	60604	7803302	52264	8371182	44492	8905596	37978	9371890	38117	9819002	31471	10387567	65307	10954535	67260	11354539	69415	11870523	64506	12419419	43882	12909800	48212	13422710	40202	13871137	39495	14409460	46988	14876321	60240	15296844	39610	15714094	62712	16210838	66719	16622438	48560	17138433	53220	17745219	58035	18486018	59167	19091945	29867	19526227	76816	20233797	63835	20870825	43366	21561029	50645	22275790	52406	22759480	55883	23135557	44870	23770166	77157	24414534	70829	25165636	74923	25749502	44616	26174017	58004	26914973	66353	27568853	61806	28135170	45234	28644158	55684	29163692	57414	29820030	66218	30307977	46798	30880411	56437	31366637	45359	31855944	70176	32675057	62321	33117535	41698	33557302	65708	34105605	61218	34509636	40747	34963687	42422	35405987	60847	36025589	38671	36581619	29818	37325817	37779	37948400	35902	38524390	57093	38936949	52139	39520719	45697	40016852	48111	40662562	36810	41134446	70354	41474612	27491	41909812	62090	42449479	50200	42954679	56803	43452367	61601	44141591	41361	44675205	44278	45169992	56251	45777871	65565	46270314	43080	46764911	43719	47184546	53103	47833729	68859	48289541	46099	48747652	52200	49371070	61311	50152022	40777	50521178	56790	51270341	46831	51935894	53193	52426449	62645	53049984	36250	53448112	53999	53712917	52187	54384516	36332	54760445	45241	55331826	56991	55745447	43263	56118796	57594	56714279	50732	57244691	62377	57782695	50537	58375476	45814	59029913	47702	59545187	54385	59855121	63919	60574165	65200	61060346	57489	61579304	54521	62188111	70554	62758836	49738	63390756	28283	63913483	42822	64450785	47090	65149372	62273	65639892	53401	66301963	48787	66842775	49637	67277237	33477	67626066	61174	68124714	53138	68849322	49556	69385658	52018	69996793	72907	70726560	54249	71332119	42180	71754968	56924	72319427	36060	72827894	47399	73216713	57059	73855241	41182	74438352	54962	74814019	65984	75281316	35718	75845032	66227	76330406	40756	76764764	52289	77219538	36247	77663833	34405	78200284	51147	78723868	73553	79443147	45829	79862249	61929	80367883	46803	80922875	56244	81523850	37427	82054342	51903	82708273	56023	83283183	55027	83818948	63219	84383488	56875	84918775	46601	85407244	55342	86077782	62001	86713286	57154	87158371	64088	87654813	49337	88336354	54349	88812489	77743	89380277	53052	89979344	48655	90430234	48045	90944735	61662	91264298	48720	91776358	42903	92344731	45684	92881555	56689	93551935	49074	94262829	46881	94529600	47290	94954231	52043	95569271	51201	95999764	64904	96521744	39552	97182919	36651	97617433	52082	98164518	54253	98871077	60444	99387519	28302	99833511	61880	100468427	49761	100984849	34703	101487498	50731	102071622	51950	102780893	78204	103112512	24615	103611507	70371	104043152	50979	104715326	52374	105095787	55928	105613925	52987	106143804	58193	106684888	63153	107156128	38766	107449154	42578	107898356	38619	108410125	53861	109039660	38413	109594042	52806	110153490	64516	110712232	35824	111250819	30827	111849699	73149	112428536	56739	113019132	52359	113570170	51291	114072719	48240	114739141	57804	115266744	54025	115975269	38960	116529119	40195	117146369	69623	117617001	38479	118153753	51554	118840762	53114	119513220	36535	120172709	58492	120818622	62255	121544942	64704	122094487	41551	122451063	68462	122958756	58585	123619556	65738	124075993	49266	124497281	33715	124977774	60742	125446468	55277	126088753	61997	126644384	46448	127207528	68161	127901112	52663	128422371	56052	129001145	53805	129651917	45365	130391487	46416	131011869	70608	131725390	69962	132329508	57872	132861179	48573	133509034	57654	133861301	42992	134288266	48085	134954830	53451	135654281	51302	136110619	38291	136582958	53168	137081667	50470	137556492	50374	138164035	71122	138543804	39056	139296561	42007	139675521	14082	140308675	70438	140774229	69633	141330874	68530	141898826	68486	142241662	69516	142792274	48062	143609756	63757	144176782	42157	144720409	51045	145219891	53333	145732499	60504	146317473	59532	146908101	69262	147397818	72192	147893896	55595	148609582	61230	149028289	47518	149549283	55849	149982835	47179	150494432	61915	151190904	41707	151673437	56414	152257876	54761	152777544	44873	153296763	57984	153881187	57425	154265295	46583	154690876	51494	155280728	40638	155729645	44930	156328790	56107	156694172	71908	157301587	54104	157913091	40889	158377048	45180	158858148	27582	159325042	64168	159843795	67242	160406782	66043	160901988	51292	161406651	49453	161947390	43873	162486132	49060	163081048	45489	163750949	47989	164192467	54592	164963270	45245	165257870	59622	165999107	61045	166614001	52511	167033964	43464	167630245	68867	168321656	61988	168962614	46906	169446692	58722	169942864	33096	170446802	51667	171182751	46246	171672735	61232	172148470	59805	172804893	39076	173384850	32546	173899027	33177	174311647	40834	174737578	49965	175260768	40660	175766877	57859	176387646	52797	177185110	51021	177683861	64583	178093065	65394	178621901	50110	179205244	70430	179747327	67275	180368194	52846	180821701	64574	181420956	31589	181965380	53811	182390012	35329	182993431	62187	183716736	53098	184302446	46607	184928854	46445	185474932	54498	185946081	59787	186493443	38990	186936066	45295	187616140	41154	188230422	54004	188896602	45079	189409397	49208	189782564	50255	190476146	45791	191114864	55804	191428234	52992	192006619	51887	192598772	53947	193157372	53578	193603517	48043	194342951	71724	195003193	74400	195525835	37675	196143748	55530	196759520	58643	197190101	50221	197654527	42061	198134088	62789	198686791	22611	199238245	46835	199610868	42938	200355013	65825	200875804	43800	201485237	60772	202093760	38375	202555354	58127	203082751	39989	203581289	60518	204037463	50982	204485612	45109	204952345	57151	205438370	59286	206082148	56122	206776015	56177	207362403	39340	207825977	67124	208347308	61347	208903891	32892	209502127	52035	210075750	41250	210522187	38743	211042912	35869	211559904	69716	212161143	38900	212550804	44476	213069891	53962	213736960	58836	214193856	50931	214571927	48686	215091116	67225	215592163	33131	216172437	57642	216722314	42769	217167864	50252	217711276	42887	218309922	33220	218735583	43274	219306566	56538	219882142	48414	220342093	51457	220948188	52884	221594620	40750	221885069	31411	222479318	48592	222993940	54235	223597770	53992	224091246	54241	224494490	53088	225111668	64763	225737559	29394	226270296	53584	226817683	49879	227307278	46032	227815827	43032	228452596	53670	228970112	62672	229467447	55597	229911898	51985	230498766	64931	231086712	46282	231738575	33781	232395184	61077	233099882	47125	233798109	53409	234513882	48304	234985429	56431	235561262	60818	236263861	46134	236745816	41326	237336895	73543	237936759	38526	238559781	65107	239240442	53610	239724499	60082	240329217	44771	240879331	47250	241379459	40756	241856822	31591	242254775	60613	242855621	49234	243283740	58186	243950810	71630	244437063	41426	245061788	58584	245664953	56648	246183873	55626	246690434	28971	247156374	48269	247743224	46145	248212638	38748	248781133	41962	249359900	24342	249995555	62185	250586120	60234	251133639	60564	251724908	45343	252189881	48570	252658260	45095	253142669	48278	253672514	46872	254350532	49805	254969542	39090	255583683	57994	256053323	59674	256630269	57185	257162484	57501	257622529	39073	258029607	64969	258606070	54014	259216567	49941	
