1	1372.714
2	1127.268
3	1172.951
4	1329.752
5	1162.142
6	1325.418
7	1249.719
8	1317.743
9	1344.145
10	1362.398
11	1298.579
12	1134.129
13	1296.250
14	1195.668
15	1178.755
16	1266.826
17	1281.700
18	1253.746
19	1518.970
20	1269.872
21	1312.262
22	1345.448
23	1156.906
24	1208.188
25	1212.508
26	1251.531
27	1251.319
28	1191.694
29	1379.436
30	1227.358
31	1293.928
32	1264.578
33	1302.580
34	1360.262
35	1231.194
36	1257.804
37	1208.039
38	1312.715
39	1343.176
40	1299.182
41	1294.692
42	1154.599
43	1244.714
44	1220.572
45	1270.025
46	1230.749
47	1154.518
48	1282.911
49	1174.478
50	1245.633
51	1310.303
52	1229.357
53	1243.600
54	1131.111
55	1195.906
56	1322.196
57	1159.220
58	1165.260
59	1256.492
60	1241.503
61	1218.256
62	1369.271
63	1208.067
64	1147.286
65	1255.206
66	1213.836
67	1316.075
68	1219.947
69	1191.430
70	1093.175
71	1170.515
72	1102.395
73	1314.095
74	1288.999
75	1195.164
76	1145.317
77	1268.611
78	1233.422
79	1251.830
80	1186.920
81	1147.068
82	1248.865
83	1282.250
84	1137.892
85	1223.312
86	1316.447
87	1406.756
88	1151.800
89	1144.657
90	1198.224
91	1196.344
92	1237.993
93	1128.180
94	1234.196
95	1235.212
96	1203.013
97	1237.543
98	1216.832
99	1180.639
100	1252.982
