1	1377.712
2	1248.786
3	1390.990
4	1297.551
5	1170.968
6	1228.219
7	1062.373
8	1173.020
9	1338.982
10	1236.094
11	1181.867
12	1206.274
13	1095.759
14	1158.030
15	954.7890
16	1256.752
17	1199.363
18	1186.440
19	1272.528
20	1109.877
21	1275.617
22	1329.750
23	1097.844
24	1206.202
25	1224.846
26	1125.249
27	1074.390
28	1085.310
29	1016.585
30	1075.657
31	1148.990
32	1132.477
33	1043.965
34	1244.552
35	1276.150
36	1032.352
37	1075.877
38	1093.788
39	1175.814
40	1140.357
41	1094.835
42	1106.402
43	1231.480
44	1319.439
45	1189.743
46	1183.829
47	1042.268
48	1125.322
49	1086.548
50	1049.772
51	1253.288
52	1153.527
53	1080.136
54	1078.114
55	1093.756
56	1141.982
57	1197.086
58	1143.668
59	1118.784
60	1130.028
61	1383.785
62	1189.874
63	1206.339
64	1205.599
65	1164.599
66	1112.623
67	1184.245
68	1067.452
69	1201.260
70	1151.214
71	1089.865
72	1125.643
73	1164.498
74	1267.290
75	1127.021
76	1142.700
77	980.864
78	1140.733
79	1224.424
80	1188.166
81	1115.298
82	1161.660
83	1071.259
84	1206.090
85	1088.411
86	1114.547
87	1454.077
88	1048.455
89	1070.695
90	1050.870
91	1091.257
92	1227.325
93	1108.663
94	1119.426
95	1071.515
96	1028.747
97	1123.619
98	1142.555
99	1193.875
100	1208.980
