1	1350.534
2	1159.861
3	1174.746
4	1311.499
5	1195.944
6	1310.323
7	1264.329
8	1278.083
9	1194.879
10	1255.431
11	1269.514
12	1147.948
13	1298.641
14	1155.139
15	1167.055
16	1137.552
17	1302.976
18	1119.661
19	1229.066
20	1206.110
21	1221.567
22	1315.092
23	1275.476
24	1134.499
25	1276.665
26	1127.756
27	1228.754
28	1102.445
29	1252.432
30	1157.596
31	1224.073
32	1221.907
33	1152.206
34	1206.869
35	1174.716
36	1119.676
37	1114.062
38	1214.332
39	1113.576
40	1204.615
41	1237.901
42	1242.502
43	1275.017
44	1137.465
45	1250.952
46	1229.916
47	1120.326
48	1160.604
49	1192.626
50	1068.679
51	1255.703
52	1155.991
53	1155.496
54	1090.491
55	1082.259
56	1253.186
57	1185.167
58	1118.364
59	1146.889
60	1138.295
61	1318.302
62	1332.672
63	1254.526
64	1156.487
65	1239.896
66	1132.324
67	1160.667
68	1252.289
69	1148.950
70	1253.411
71	1146.647
72	1226.668
73	1143.274
74	1200.174
75	1259.378
76	1187.785
77	1179.700
78	1177.812
79	1173.069
80	1271.262
81	1251.140
82	1237.603
83	1121.062
84	1170.054
85	1259.179
86	1194.532
87	1229.114
88	1197.518
89	1205.724
90	1121.788
91	1125.856
92	1303.607
93	1128.303
94	1061.424
95	1094.223
96	1083.042
97	1184.244
98	1225.131
99	1190.526
100	1223.339
