1	1499.884
2	1189.217
3	1264.774
4	1437.664
5	1273.724
6	1434.182
7	1362.201
8	1393.506
9	1248.019
10	1365.239
11	1381.447
12	1188.062
13	1419.790
14	1183.811
15	1203.206
16	1185.658
17	1422.326
18	1167.360
19	1305.746
20	1320.331
21	1312.882
22	1461.652
23	1379.295
24	1222.318
25	1380.630
26	1136.979
27	1311.841
28	1122.053
29	1340.413
30	1191.427
31	1290.936
32	1308.936
33	1247.851
34	1292.753
35	1212.877
36	1137.576
37	1149.128
38	1296.865
39	1192.055
40	1262.408
41	1316.159
42	1344.351
43	1375.328
44	1174.088
45	1334.115
46	1334.002
47	1182.974
48	1210.841
49	1269.073
50	1096.561
51	1351.921
52	1238.478
53	1234.222
54	1100.075
55	1084.897
56	1359.546
57	1233.740
58	1127.976
59	1187.809
60	1223.850
61	1449.318
62	1468.268
63	1366.459
64	1191.692
65	1320.302
66	1181.272
67	1234.159
68	1340.349
69	1224.701
70	1340.973
71	1188.069
72	1351.169
73	1187.110
74	1286.483
75	1430.455
76	1255.100
77	1242.023
78	1237.608
79	1280.001
80	1370.514
81	1341.928
82	1318.962
83	1146.439
84	1205.649
85	1369.724
86	1246.396
87	1308.531
88	1304.619
89	1317.154
90	1204.147
91	1132.422
92	1479.232
93	1176.385
94	1057.336
95	1140.450
96	1115.460
97	1232.198
98	1350.080
99	1239.276
100	1290.540

