1	1932.974
2	1828.841
3	1804.390
4	1608.848
5	1931.632
6	1538.993
7	1902.932
8	1640.608
9	1634.492
10	1870.921
11	1438.999
12	1359.740
13	1792.649
14	1368.504
15	1644.447
16	1827.381
17	1657.406
18	1686.541
19	2051.966
20	1448.431
21	1521.465
22	1878.511
23	1480.924
24	1371.739
25	1946.231
26	1564.958
27	1654.265
28	1428.819
29	1416.111
30	1488.410
31	2008.855
32	1369.501
33	1641.869
34	1685.564
35	1477.001
36	1710.239
37	1474.115
38	1576.583
39	1517.268
40	1434.397
41	1457.564
42	1748.675
43	1715.451
44	1615.293
45	1686.844
46	1776.768
47	1543.471
48	1725.961
49	1826.363
50	1238.887
51	1621.293
52	1342.851
53	1443.941
54	1410.543
55	1328.804
56	1527.920
57	1608.396
58	1417.189
59	1335.075
60	1369.167
61	1386.460
62	1782.755
63	1699.945
64	1335.710
65	1735.212
66	1809.782
67	1519.930
68	1627.232
69	1477.685
70	1399.934
71	1480.586
72	1770.799
73	1741.119
74	1723.036
75	1447.310
76	1640.956
77	1460.934
78	1637.341
79	1505.214
80	1614.442
81	1247.815
82	1687.202
83	1522.668
84	1467.736
85	1503.972
86	1736.356
87	1640.801
88	1737.514
89	1684.357
90	1733.017
91	1380.093
92	1620.690
93	1518.644
94	1491.151
95	1426.561
96	1546.882
97	1771.400
98	1601.654
99	1331.124
100	1475.754
