1	1468.563
2	1251.295
3	1365.398
4	1488.106
5	1331.469
6	1494.683
7	1214.864
8	1430.442
9	1291.524
10	1196.473
11	1217.674
12	1288.213
13	1322.379
14	1203.031
15	1214.344
16	1282.683
17	1386.360
18	1230.676
19	1313.096
20	1258.738
21	1389.929
22	1349.690
23	1237.088
24	1384.229
25	1414.966
26	1237.814
27	1311.314
28	1128.768
29	1261.461
30	1333.447
31	1302.936
32	1268.380
33	1167.459
34	1231.146
35	1334.431
36	1021.668
37	1205.964
38	1258.042
39	1138.210
40	1263.850
41	1282.362
42	1129.583
43	1446.842
44	1316.361
45	1395.870
46	1469.134
47	1141.113
48	1245.469
49	1286.199
50	1178.572
51	1332.845
52	1269.077
53	1207.491
54	1209.331
55	1138.498
56	1483.816
57	1227.010
58	1294.530
59	1285.922
60	1198.738
61	1438.286
62	1232.458
63	1330.076
64	1120.539
65	1346.669
66	1002.128
67	1323.151
68	1269.917
69	1535.731
70	1191.977
71	1227.398
72	1384.020
73	1215.405
74	1392.663
75	1259.066
76	1146.540
77	1218.710
78	1252.378
79	1259.264
80	1411.299
81	1244.541
82	1281.273
83	1241.667
84	1385.198
85	1152.642
86	1267.021
87	1412.246
88	1169.790
89	1338.678
90	1227.496
91	1128.502
92	1396.273
93	1326.149
94	1137.821
95	1227.030
96	1138.053
97	1207.921
98	1163.289
99	1170.877
100	1378.522
  