1	1257.436
2	1082.574
3	1164.445
4	1269.442
5	1149.062
6	1263.557
7	1090.408
8	1206.266
9	1131.561
10	1030.785
11	1091.165
12	1117.411
13	1147.670
14	1063.675
15	1054.608
16	1126.967
17	1185.166
18	1072.331
19	1119.457
20	1120.900
21	1181.701
22	1165.853
23	1062.541
24	1184.210
25	1203.813
26	1090.667
27	1125.661
28	1000.677
29	1087.892
30	1162.560
31	1140.396
32	1105.696
33	1042.154
34	1084.292
35	1160.973
36	926.996
37	1050.393
38	1066.756
39	1026.897
40	1104.448
41	1098.700
42	1003.006
43	1257.257
44	1160.352
45	1206.426
46	1245.572
47	1022.082
48	1083.041
49	1118.424
50	1066.376
51	1151.804
52	1111.585
53	1048.093
54	1037.000
55	1023.697
56	1275.208
57	1057.941
58	1117.404
59	1092.066
60	1068.149
61	1228.958
62	1093.215
63	1148.499
64	1004.776
65	1160.557
66	921.612
67	1098.504
68	1114.791
69	1265.647
70	1042.565
71	1098.402
72	1193.146
73	1072.891
74	1189.854
75	1089.750
76	1029.021
77	1072.274
78	1083.067
79	1111.761
80	1214.488
81	1082.928
82	1124.469
83	1079.308
84	1170.157
85	1020.242
86	1102.250
87	1200.908
88	1007.958
89	1160.084
90	1069.616
91	995.854
92	1182.241
93	1153.193
94	1008.169
95	1079.737
96	1010.598
97	1072.418
98	1014.547
99	1039.761
100	1196.805

