1	1165.549
2	1024.463
3	1092.465
4	1189.891
5	1106.144
6	1172.790
7	1075.393
8	1112.187
9	1088.599
10	1009.190
11	1062.961
12	1074.631
13	1080.103
14	1036.237
15	1039.649
16	1068.770
17	1116.766
18	1052.216
19	1081.245
20	1083.497
21	1122.761
22	1108.319
23	1043.294
24	1092.761
25	1123.210
26	1062.376
27	1059.749
28	1018.020
29	1051.029
30	1109.512
31	1080.161
32	1059.509
33	1031.068
34	1031.021
35	1112.540
36	952.364
37	1037.570
38	1044.311
39	1025.214
40	1058.050
41	1042.114
42	1003.266
43	1173.456
44	1085.375
45	1145.444
46	1147.237
47	1016.678
48	1050.589
49	1071.288
50	1051.108
51	1089.309
52	1068.045
53	1024.742
54	1024.554
55	1012.535
56	1179.077
57	1038.604
58	1068.939
59	1081.757
60	1050.842
61	1142.116
62	1062.887
63	1077.974
64	1003.775
65	1099.221
66	931.494
67	1045.883
68	1076.589
69	1153.928
70	1031.779
71	1070.315
72	1118.170
73	1042.006
74	1100.166
75	1055.001
76	1020.187
77	1043.634
78	1041.664
79	1073.092
80	1118.480
81	1035.747
82	1086.225
83	1037.970
84	1095.887
85	1003.649
86	1061.472
87	1131.059
88	985.533
89	1110.470
90	1038.153
91	992.085
92	1102.397
93	1100.312
94	1001.876
95	1054.361
96	1002.536
97	1062.994
98	975.374
99	1004.056
100	1103.790
