1	975.8760
2	966.1920
3	927.2270
4	1005.727
5	960.6850
6	1015.678
7	1006.623
8	969.0550
9	1000.554
10	959.1790
11	869.602
12	968.133
13	907.382
14	917.598
15	941.158
16	965.455
17	1097.760
18	909.902
19	963.692
20	885.725
21	1019.288
22	950.015
23	969.474
24	938.795
25	1011.829
26	901.549
27	912.247
28	871.893
29	866.533
30	957.458
31	964.789
32	964.799
33	911.016
34	949.529
35	975.679
36	865.008
37	884.936
38	987.007
39	925.798
40	1056.065
41	863.504
42	987.574
43	1060.125
44	919.740
45	963.371
46	992.066
47	895.000
48	946.137
49	982.407
50	903.092
51	932.783
52	808.069
53	919.695
54	819.734
55	864.577
56	990.266
57	1016.799
58	801.290
59	918.984
60	902.516
61	974.228
62	985.230
63	994.907
64	824.587
65	903.892
66	879.826
67	956.273
68	951.299
69	906.926
70	968.812
71	860.713
72	924.828
73	1017.770
74	993.324
75	927.258
76	971.264
77	881.908
78	904.433
79	977.036
80	920.630
81	897.280
82	1015.454
83	869.237
84	901.126
85	1031.481
86	926.643
87	1065.681
88	926.292
89	983.736
90	870.750
91	924.482
92	1065.658
93	970.502
94	861.988
95	931.430
96	916.107
97	956.673
98	969.191
99	980.830
100	1052.955
