1	1208.891
2	1115.439
3	1151.048
4	1177.574
5	1052.282
6	1120.539
7	1081.048
8	1136.816
9	1103.342
10	1078.421
11	1109.307
12	1088.760
13	1002.092
14	940.277
15	1021.203
16	1088.518
17	1168.794
18	1088.215
19	1238.810
20	1052.743
21	1175.311
22	1144.832
23	1094.819
24	1050.334
25	1216.436
26	1004.965
27	977.571
28	979.500
29	1059.215
30	1079.295
31	1083.352
32	1141.213
33	1009.198
34	1167.369
35	1107.679
36	951.766
37	1069.652
38	1044.399
39	1048.637
40	1104.671
41	1067.019
42	1082.466
43	1143.904
44	1044.656
45	1119.367
46	1224.065
47	1043.994
48	1135.229
49	1024.091
50	1018.909
51	1102.924
52	1078.403
53	1027.218
54	937.410
55	951.881
56	1092.031
57	1028.102
58	1041.448
59	1120.575
60	1075.213
61	1109.824
62	1170.925
63	1146.943
64	982.569
65	1098.792
66	1022.515
67	1093.471
68	1014.330
69	1090.243
70	1014.903
71	1055.683
72	1117.463
73	1104.860
74	1151.806
75	1032.220
76	1060.149
77	1043.238
78	1013.882
79	1113.182
80	1066.195
81	1065.017
82	1119.702
83	1039.717
84	1053.686
85	1104.537
86	1083.327
87	1139.044
88	1103.567
89	1103.572
90	1053.135
91	898.587
92	1119.389
93	1100.110
94	1000.780
95	1051.306
96	1012.032
97	1070.454
98	1096.196
99	1012.283
100	1132.746
