1	1102.178
2	1058.015
3	1057.292
4	1099.253
5	1023.701
6	1059.94
7	1023.624
8	1078.813
9	1041.595
10	1016.074
11	1050.742
12	1036.048
13	990.665
14	953.653
15	984.356
16	1044.859
17	1085.489
18	1043.044
19	1120.864
20	1009.553
21	1089.248
22	1080.213
23	1030.315
24	1019.463
25	1094.067
26	980.794
27	976.151
28	963.271
29	1026.709
30	1036.313
31	1029.872
32	1083.823
33	983.077
34	1088.073
35	1045.836
36	946.238
37	1027.834
38	1015.103
39	1010.56
40	1044.324
41	1010.109
42	1045.878
43	1069.948
44	1017.693
45	1051.253
46	1107.438
47	1010.001
48	1072.024
49	988.744
50	1000.129
51	1061.228
52	1029.628
53	1013.485
54	945.559
55	963.724
56	1007.432
57	998.353
58	999.719
59	1064.14
60	1031.194
61	1043.254
62	1081.546
63	1081.287
64	977.421
65	1054.457
66	984.128
67	1039.67
68	1002.128
69	1040.905
70	1002.803
71	1020.319
72	1038.488
73	1050.092
74	1082.163
75	1021.137
76	997.191
77	997.896
78	1001.583
79	1057.554
80	1009.662
81	1017.844
82	1060.698
83	998.229
84	1034.091
85	1056.266
86	1048.901
87	1070.541
88	1051.535
89	1037.834
90	1021.975
91	924.055
92	1047.743
93	1038.899
94	994.507
95	994.032
96	978.963
97	1024.942
98	1043.759
99	970.543
100	1078.919
