1	1079.958
2	1019.556
3	1014.690
4	1010.789
5	1039.798
6	1071.277
7	1018.885
8	1053.587
9	1037.245
10	1023.204
11	1081.484
12	965.977
13	1014.481
14	970.149
15	1055.041
16	1057.148
17	1068.281
18	1090.594
19	1019.786
20	1008.843
21	1090.248
22	1023.819
23	1056.227
24	1020.159
25	1159.915
26	984.857
27	970.211
28	1014.185
29	973.499
30	1034.904
31	1080.782
32	1003.423
33	1008.263
34	1013.607
35	996.248
36	922.933
37	1000.085
38	1036.933
39	999.610
40	1071.576
41	998.148
42	1034.354
43	1096.951
44	989.692
45	1049.006
46	1012.699
47	939.394
48	1085.121
49	1042.948
50	1047.565
51	1027.040
52	978.181
53	1006.562
54	988.624
55	890.610
56	1017.872
57	986.370
58	997.001
59	972.210
60	1014.394
61	1033.276
62	1060.322
63	1033.173
64	916.542
65	985.245
66	956.679
67	985.982
68	1055.279
69	1019.867
70	1060.946
71	1006.479
72	1012.559
73	1055.379
74	1058.764
75	992.784
76	926.296
77	996.261
78	1001.763
79	997.590
80	969.255
81	1001.608
82	980.686
83	1001.874
84	1017.884
85	1008.985
86	1029.587
87	1065.629
88	982.208
89	1071.173
90	1066.130
91	951.649
92	1008.497
93	1079.717
94	977.531
95	976.238
96	1027.917
97	1091.543
98	1046.527
99	1008.927
100	1027.175
