#FIG 3.2
Landscape
Center
Inches
Letter  
100.00
Single
-2
1200 2
6 750 750 7275 2925
2 1 0 1 0 7 50 0 -1 0.000 0 0 -1 1 0 2
	1 1 1.00 57.37 114.74
	 1050 2313 7275 2313
2 1 1 1 0 7 50 0 -1 4.000 0 0 -1 0 0 2
	 3975 886 1050 886
2 1 1 1 0 7 50 0 -1 4.000 0 0 -1 0 0 2
	 5625 2721 1050 2721
2 1 0 1 0 7 50 0 -1 0.000 0 0 7 0 0 2
	 1050 1906 3975 1906
2 1 0 1 0 7 50 0 -1 0.000 0 0 7 0 0 2
	 3975 1906 3975 886
2 1 0 1 0 7 50 0 -1 0.000 0 0 7 0 0 2
	 3962 886 5085 886
2 1 0 1 0 7 50 0 -1 0.000 0 0 7 0 0 2
	 5700 2721 7050 2721
2 1 0 1 0 7 50 0 -1 0.000 0 0 -1 0 0 2
	 1050 2246 1050 2381
2 1 0 1 0 7 50 0 -1 0.000 0 0 -1 0 0 2
	 1627 2246 1627 2381
2 1 0 1 0 7 50 0 -1 0.000 0 0 -1 0 0 2
	 2204 2246 2204 2381
2 1 0 1 0 7 50 0 -1 0.000 0 0 -1 0 0 2
	 2782 2246 2782 2381
2 1 0 1 0 7 50 0 -1 0.000 0 0 -1 0 0 2
	 3358 2246 3358 2381
2 1 0 1 0 7 50 0 -1 0.000 0 0 -1 0 0 2
	 3936 2246 3936 2381
2 1 0 1 0 7 50 0 -1 0.000 0 0 -1 0 0 2
	 4513 2246 4513 2381
2 1 0 1 0 7 50 0 -1 0.000 0 0 -1 0 0 2
	 5667 2246 5667 2381
2 1 0 1 0 7 50 0 -1 0.000 0 0 -1 0 0 2
	 6245 2246 6245 2381
2 1 0 1 0 7 50 0 -1 0.000 0 0 -1 0 0 2
	 6821 2246 6821 2381
2 1 0 1 0 7 50 0 -1 0.000 0 0 -1 0 0 2
	 5100 2246 5100 2381
2 1 0 1 0 7 50 0 -1 0.000 0 0 -1 1 0 2
	1 1 1.00 57.37 114.74
	 1050 2925 1050 750
2 1 1 1 0 7 50 0 -1 4.000 0 0 -1 0 0 2
	 5625 1225 1050 1225
2 1 0 1 0 7 50 0 -1 0.000 0 0 7 0 0 4
	 5070 886 5070 1225 5670 1225 5670 2721
4 0 0 50 0 0 12 0.0000 4 135 90 750 1974 1\001
4 0 0 50 0 0 12 0.0000 4 135 210 750 2789 -1\001
4 0 0 50 0 0 12 0.0000 4 135 90 750 1022 4\001
4 0 0 50 0 0 12 0.0000 4 135 300 1125 2246 +=1\001
4 0 0 50 0 0 12 0.0000 4 135 90 750 1293 3\001
4 0 0 50 0 0 12 0.0000 4 135 195 5100 1429 =3\001
4 0 0 50 0 0 12 0.0000 4 135 315 5700 1701 -=4\001
4 0 0 50 0 0 12 0.0000 4 135 90 1575 2585 1\001
4 0 0 50 0 0 12 0.0000 4 135 90 2175 2585 2\001
4 0 0 50 0 0 12 0.0000 4 135 90 2700 2585 3\001
4 0 0 50 0 0 12 0.0000 4 135 90 3300 2585 4\001
4 0 0 50 0 0 12 0.0000 4 135 90 3900 2585 5\001
4 0 0 50 0 0 12 0.0000 4 135 90 4500 2585 6\001
4 0 0 50 0 0 12 0.0000 4 135 90 5175 2585 7\001
4 0 0 50 0 0 12 0.0000 4 135 90 6225 2585 9\001
4 0 0 50 0 0 12 0.0000 4 135 90 1125 2585 0\001
4 0 0 50 0 0 12 0.0000 4 135 90 5698 2581 8\001
4 0 0 50 0 0 12 0.0000 4 135 300 3630 1743 +=3\001
-6
