
nbOrders   = 111;
nbSlabs = 111;
nbColors   = 88;
nbCap      = 21;
capacities = [0, 12, 14, 17, 18, 19, 20, 
                    23, 24, 25, 26, 27, 28, 29, 
                    30, 32, 35, 39, 42, 43, 44];
                    
weight = 
[30, 30, 30, 30, 27, 27, 27, 27, 27, 
27, 27, 27, 27, 27, 27, 27, 26, 26, 26, 
26, 26, 26, 25, 23, 23, 22, 22, 22, 22, 
22, 22, 22, 22, 22, 22, 22, 22, 21, 20, 
20, 20, 20, 20, 20, 19, 19, 19, 19, 19, 
18, 18, 17, 17, 16, 16, 16, 16, 15, 15, 
15, 15, 15, 15, 15, 14, 14, 13, 13, 13, 
13, 13, 12, 12, 12, 10, 10, 10, 10, 10, 
10, 10, 10, 10, 9, 8, 8, 8, 7, 7, 7, 7, 
7, 6, 6, 5, 5, 5, 5, 5, 4, 4, 4, 4, 3, 
3, 3, 3, 3, 3, 2, 2];

colors = 
[73, 74, 75, 72, 79, 86, 80, 81, 82, 
35, 85, 79, 84, 35, 37, 83, 24, 34, 
24, 24, 42, 34, 12, 32, 76, 14, 39, 
44, 16, 2, 18, 36, 20, 38, 36, 33, 
17, 71, 26, 19, 66, 43, 47, 51, 15, 
15, 29, 53, 46, 64, 62, 50, 25, 27, 
27, 65, 48, 49, 78, 69, 54, 77, 70, 
70, 13, 41, 58, 59, 40, 57, 45, 67, 
60, 61, 56, 23, 28, 31, 28, 63, 55, 
30, 87, 3, 9, 9, 5, 4, 11, 11, 11, 8, 
68, 68, 10, 4, 10, 21, 52, 1, 7, 22, 
7, 1, 88, 6, 6, 4, 6, 6, 4];
